cv_filename,job_description,algorithm_used,matched_keywords,missing_keywords,relevance_score,execution_time,comparison_count,total_keywords,timestamp
21i0320.docx,Backend Developer,KMP,Python; SQL,Django; REST,0.52,0.002996683120727539,6686,4,2025-10-24 01:49:05
21i0320.pdf,Backend Developer,KMP,Python; SQL,Django; REST,0.52,0.0010018348693847656,6718,4,2025-10-24 01:49:05
21i0340 (2).docx,Backend Developer,KMP,Python; SQL,Django; REST,0.52,0.0009734630584716797,9038,4,2025-10-24 01:49:05
21i0340 (2).pdf,Backend Developer,KMP,Python; SQL,Django; REST,0.52,0.000997781753540039,9038,4,2025-10-24 01:49:06
21i0340.docx,Backend Developer,KMP,Python; SQL,Django; REST,0.52,0.002002239227294922,9038,4,2025-10-24 01:49:06
21i0340.pdf,Backend Developer,KMP,Python; SQL,Django; REST,0.52,0.0019979476928710938,9038,4,2025-10-24 01:49:06
21i1696.docx,Backend Developer,KMP,Python,Django; REST; SQL,0.26,0.0009412765502929688,4847,4,2025-10-24 01:49:06
21i1696.pdf,Backend Developer,KMP,Python,Django; REST; SQL,0.26,0.0,5093,4,2025-10-24 01:49:06
21i1701.docx,Backend Developer,KMP,Python; SQL,Django; REST,0.52,0.0015821456909179688,7606,4,2025-10-24 01:49:06
21i1701.pdf,Backend Developer,KMP,Python; SQL,Django; REST,0.52,0.0,7606,4,2025-10-24 01:49:06
21i1729(1).docx,Backend Developer,KMP,Python; SQL,Django; REST,0.52,0.0009486675262451172,6654,4,2025-10-24 01:49:06
21i1729.docx,Backend Developer,KMP,Python; SQL,Django; REST,0.52,0.0,5909,4,2025-10-24 01:49:06
21i1729.pdf,Backend Developer,KMP,Python; SQL,Django; REST,0.52,0.0,6955,4,2025-10-24 01:49:06
21i1937.docx,Backend Developer,KMP,Python; SQL,Django; REST,0.52,0.0,7467,4,2025-10-24 01:49:06
21i1937.pdf,Backend Developer,KMP,Python; SQL,Django; REST,0.52,0.0010647773742675781,7467,4,2025-10-24 01:49:06
21i2340.pdf,Backend Developer,KMP,Python; SQL,Django; REST,0.52,0.00099945068359375,9038,4,2025-10-24 01:49:06
21i2721(1).pdf,Backend Developer,KMP,Python; REST,Django; SQL,0.52,0.0,8864,4,2025-10-24 01:49:06
21i2721.docx,Backend Developer,KMP,Python; SQL,Django; REST,0.52,0.0010035037994384766,6012,4,2025-10-24 01:49:06
21i2721.pdf,Backend Developer,KMP,Python; SQL,Django; REST,0.52,0.0010039806365966797,6036,4,2025-10-24 01:49:06
21i2721.pdf.pdf,Backend Developer,KMP,Python; SQL,Django; REST,0.52,0.0010018348693847656,6036,4,2025-10-24 01:49:06
22I-0450.docx,Backend Developer,KMP,Python; SQL,Django; REST,0.52,0.0010166168212890625,5375,4,2025-10-24 01:49:07
22I-0450.pdf,Backend Developer,KMP,Python; SQL,Django; REST,0.52,0.0,5375,4,2025-10-24 01:49:07
22I-1929.docx,Backend Developer,KMP,Python; SQL,Django; REST,0.52,0.001001596450805664,6876,4,2025-10-24 01:49:07
22I-1929.pdf,Backend Developer,KMP,Python; SQL,Django; REST,0.52,0.0010018348693847656,6876,4,2025-10-24 01:49:07
22I0607(1).docx,Backend Developer,KMP,Python; SQL,Django; REST,0.52,0.0009799003601074219,9552,4,2025-10-24 01:49:07
22I1387.docx,Backend Developer,KMP,Python; SQL,Django; REST,0.52,0.0010061264038085938,10853,4,2025-10-24 01:49:07
22I1387.pdf,Backend Developer,KMP,Python; SQL,Django; REST,0.52,0.0009992122650146484,11796,4,2025-10-24 01:49:07
22i-1899(1).pdf,Backend Developer,KMP,Python; SQL,Django; REST,0.52,0.0010035037994384766,5309,4,2025-10-24 01:49:07
22i-1899.docx,Backend Developer,KMP,Python; SQL,Django; REST,0.52,0.0010006427764892578,5305,4,2025-10-24 01:49:07
22i-1899.pdf,Backend Developer,KMP,Python; SQL,Django; REST,0.52,0.0009431838989257812,5309,4,2025-10-24 01:49:07
22i0455.docx,Backend Developer,KMP,Python; REST; SQL,Django,0.78,0.0010175704956054688,8798,4,2025-10-24 01:49:07
22i0455.pdf,Backend Developer,KMP,Python; REST; SQL,Django,0.78,0.0015187263488769531,8807,4,2025-10-24 01:49:07
22i0466.docx,Backend Developer,KMP,Python; REST; SQL,Django,0.78,0.0009999275207519531,8274,4,2025-10-24 01:49:07
22i0466.pdf,Backend Developer,KMP,Python; REST; SQL,Django,0.78,0.0,8274,4,2025-10-24 01:49:07
22i0469.docx,Backend Developer,KMP,Python; SQL,Django; REST,0.52,0.001007080078125,5253,4,2025-10-24 01:49:07
22i0469.pdf,Backend Developer,KMP,Python; SQL,Django; REST,0.52,0.0,5253,4,2025-10-24 01:49:07
22i0484.docx,Backend Developer,KMP,Python,Django; REST; SQL,0.26,0.0010051727294921875,10365,4,2025-10-24 01:49:07
22i0484.pdf,Backend Developer,KMP,Python,Django; REST; SQL,0.26,0.001016855239868164,10365,4,2025-10-24 01:49:07
22i0511.doc,Backend Developer,KMP,,Python; Django; REST; SQL,0.0,0.0,0,4,2025-10-24 01:49:07
22i0511.pdf,Backend Developer,KMP,Python; REST; SQL,Django,0.78,0.0009846687316894531,8048,4,2025-10-24 01:49:07
22i0532.docx,Backend Developer,KMP,Python; SQL,Django; REST,0.52,0.0010693073272705078,6703,4,2025-10-24 01:49:07
22i0532.pdf,Backend Developer,KMP,Python; SQL,Django; REST,0.52,0.0016283988952636719,6739,4,2025-10-24 01:49:07
22i0547.docx,Backend Developer,KMP,Python; SQL,Django; REST,0.52,0.0009937286376953125,8655,4,2025-10-24 01:49:07
22i0547.pdf,Backend Developer,KMP,Python; SQL,Django; REST,0.52,0.00099945068359375,8691,4,2025-10-24 01:49:08
22i0556.docx,Backend Developer,KMP,Python; REST; SQL,Django,0.78,0.0010347366333007812,7897,4,2025-10-24 01:49:08
22i0556.pdf,Backend Developer,KMP,Python; REST; SQL,Django,0.78,0.0009999275207519531,7897,4,2025-10-24 01:49:08
22i0561.docx,Backend Developer,KMP,Python,Django; REST; SQL,0.26,0.0,6430,4,2025-10-24 01:49:08
22i0561.pdf,Backend Developer,KMP,Python,Django; REST; SQL,0.26,0.0009984970092773438,6430,4,2025-10-24 01:49:08
22i0577 (1).docx,Backend Developer,KMP,Python; SQL,Django; REST,0.52,0.0010192394256591797,6266,4,2025-10-24 01:49:08
22i0577 (1).pdf,Backend Developer,KMP,Python; SQL,Django; REST,0.52,0.0009965896606445312,6266,4,2025-10-24 01:49:08
22i0577.docx,Backend Developer,KMP,Python; SQL,Django; REST,0.52,0.0,6266,4,2025-10-24 01:49:08
22i0577.pdf,Backend Developer,KMP,Python; SQL,Django; REST,0.52,0.0,6266,4,2025-10-24 01:49:08
22i0582(1).docx,Backend Developer,KMP,Python; SQL,Django; REST,0.52,0.00099945068359375,5640,4,2025-10-24 01:49:08
22i0582(1).pdf,Backend Developer,KMP,Python; SQL,Django; REST,0.52,0.0009953975677490234,5644,4,2025-10-24 01:49:08
22i0582.docx,Backend Developer,KMP,Python; SQL,Django; REST,0.52,0.0,6536,4,2025-10-24 01:49:08
22i0582.pdf,Backend Developer,KMP,Python; SQL,Django; REST,0.52,0.0007672309875488281,6572,4,2025-10-24 01:49:08
22i0597.docx,Backend Developer,KMP,Python; SQL,Django; REST,0.52,0.0010008811950683594,6813,4,2025-10-24 01:49:08
22i0597.pdf,Backend Developer,KMP,Python; SQL,Django; REST,0.52,0.00099945068359375,6813,4,2025-10-24 01:49:08
22i0603.docx,Backend Developer,KMP,Python,Django; REST; SQL,0.26,0.0009996891021728516,7973,4,2025-10-24 01:49:08
22i0603.pdf,Backend Developer,KMP,Python,Django; REST; SQL,0.26,0.0010001659393310547,7827,4,2025-10-24 01:49:08
22i0607.docx,Backend Developer,KMP,Python; SQL,Django; REST,0.52,0.0020051002502441406,9552,4,2025-10-24 01:49:08
22i0607.pdf,Backend Developer,KMP,Python; SQL,Django; REST,0.52,0.0019991397857666016,9516,4,2025-10-24 01:49:08
22i0610(1).docx,Backend Developer,KMP,Python,Django; REST; SQL,0.26,0.0009987354278564453,7717,4,2025-10-24 01:49:08
22i0610(1).pdf,Backend Developer,KMP,Python,Django; REST; SQL,0.26,0.0009987354278564453,7753,4,2025-10-24 01:49:08
22i0610.docx,Backend Developer,KMP,Python,Django; REST; SQL,0.26,0.0010001659393310547,7717,4,2025-10-24 01:49:08
22i0610.pdf,Backend Developer,KMP,Python,Django; REST; SQL,0.26,0.0009996891021728516,7753,4,2025-10-24 01:49:09
22i0613.docx,Backend Developer,KMP,Python; SQL,Django; REST,0.52,0.0009992122650146484,5250,4,2025-10-24 01:49:09
22i0613.pdf,Backend Developer,KMP,Python; SQL,Django; REST,0.52,0.0009992122650146484,5278,4,2025-10-24 01:49:09
22i0644(1).docx,Backend Developer,KMP,Python; SQL,Django; REST,0.52,0.0010008811950683594,7390,4,2025-10-24 01:49:09
22i0644(1).pdf,Backend Developer,KMP,Python; SQL,Django; REST,0.52,0.0,7390,4,2025-10-24 01:49:09
22i0644.docx,Backend Developer,KMP,Python; SQL,Django; REST,0.52,0.0009996891021728516,10273,4,2025-10-24 01:49:09
22i0644.pdf,Backend Developer,KMP,Python; SQL,Django; REST,0.52,0.0005040168762207031,10273,4,2025-10-24 01:49:09
22i1380.docx,Backend Developer,KMP,Python; SQL,Django; REST,0.52,0.0009992122650146484,8337,4,2025-10-24 01:49:09
22i1380.pdf,Backend Developer,KMP,Python; SQL,Django; REST,0.52,0.0010750293731689453,8341,4,2025-10-24 01:49:09
22i1899.docx,Backend Developer,KMP,Python; SQL,Django; REST,0.52,0.0005478858947753906,5305,4,2025-10-24 01:49:09
22i1899.pdf,Backend Developer,KMP,Python; SQL,Django; REST,0.52,0.0,5309,4,2025-10-24 01:49:09
22i1906.docx,Backend Developer,KMP,Python; SQL,Django; REST,0.52,0.0,7426,4,2025-10-24 01:49:09
22i1906.pdf,Backend Developer,KMP,Python; SQL,Django; REST,0.52,0.0009832382202148438,7426,4,2025-10-24 01:49:09
22i1927.docx,Backend Developer,KMP,Python; REST; SQL,Django,0.78,0.0015056133270263672,6665,4,2025-10-24 01:49:09
22i1927.pdf,Backend Developer,KMP,Python; REST; SQL,Django,0.78,0.0010013580322265625,6665,4,2025-10-24 01:49:09
22i1929.docx.pdf,Backend Developer,KMP,Python; SQL,Django; REST,0.52,0.0009999275207519531,6876,4,2025-10-24 01:49:09
22i1929.pdf,Backend Developer,KMP,Python; SQL,Django; REST,0.52,0.0,6876,4,2025-10-24 01:49:09
22i1935.docx,Backend Developer,KMP,Python,Django; REST; SQL,0.26,0.0010004043579101562,6512,4,2025-10-24 01:49:09
22i1935.pdf,Backend Developer,KMP,Python,Django; REST; SQL,0.26,0.0011014938354492188,6512,4,2025-10-24 01:49:09
22i1937.docx,Backend Developer,KMP,Python; SQL,Django; REST,0.52,0.0010156631469726562,7467,4,2025-10-24 01:49:09
22i1937.pdf,Backend Developer,KMP,Python; SQL,Django; REST,0.52,0.0010001659393310547,7467,4,2025-10-24 01:49:10
22i1942.docx,Backend Developer,KMP,Python,Django; REST; SQL,0.26,0.002481222152709961,7375,4,2025-10-24 01:49:10
22i1942.pdf,Backend Developer,KMP,Python,Django; REST; SQL,0.26,0.0020051002502441406,7375,4,2025-10-24 01:49:10
22i1985.docx,Backend Developer,KMP,Python; REST; SQL,Django,0.78,0.0010001659393310547,8900,4,2025-10-24 01:49:10
22i1985.pdf,Backend Developer,KMP,Python; REST; SQL,Django,0.78,0.0010020732879638672,8996,4,2025-10-24 01:49:10
22i2044.docx,Backend Developer,KMP,Python; REST; SQL,Django,0.78,0.0009982585906982422,15110,4,2025-10-24 01:49:10
22i2044.pdf,Backend Developer,KMP,Python; REST; SQL,Django,0.78,0.0027074813842773438,15110,4,2025-10-24 01:49:10
22i2059.docx,Backend Developer,KMP,Python; REST; SQL,Django,0.78,0.0010640621185302734,7488,4,2025-10-24 01:49:10
22i2059.pdf,Backend Developer,KMP,Python; REST; SQL,Django,0.78,0.001001119613647461,7488,4,2025-10-24 01:49:10
22i2063(1).pdf,Backend Developer,KMP,Python; SQL,Django; REST,0.52,0.001005411148071289,8981,4,2025-10-24 01:49:10
22i2063.docx,Backend Developer,KMP,Python; SQL,Django; REST,0.52,0.0009915828704833984,8244,4,2025-10-24 01:49:10
22i2063.pdf,Backend Developer,KMP,Python; SQL,Django; REST,0.52,0.0008716583251953125,7561,4,2025-10-24 01:49:10
230059.docx,Backend Developer,KMP,Python; REST,Django; SQL,0.52,0.0010156631469726562,6497,4,2025-10-24 01:49:10
230059.pdf,Backend Developer,KMP,Python; REST,Django; SQL,0.52,0.0,6497,4,2025-10-24 01:49:11
23I-2084.docx,Backend Developer,KMP,Python; REST; SQL,Django,0.78,0.002020120620727539,10710,4,2025-10-24 01:49:11
23I-2084.pdf,Backend Developer,KMP,Python; REST; SQL,Django,0.78,0.0009989738464355469,10758,4,2025-10-24 01:49:11
23I0135(1).docx,Backend Developer,KMP,Python; REST,Django; SQL,0.52,0.0010302066802978516,7903,4,2025-10-24 01:49:11
23I0135(1).pdf,Backend Developer,KMP,Python; REST,Django; SQL,0.52,0.0014278888702392578,7903,4,2025-10-24 01:49:11
23I2503_CV.docx,Backend Developer,KMP,Python; SQL,Django; REST,0.52,0.0010004043579101562,8680,4,2025-10-24 01:49:11
23I2503_CV.pdf,Backend Developer,KMP,Python; SQL,Django; REST,0.52,0.0009968280792236328,8688,4,2025-10-24 01:49:11
23I2508(1).docx,Backend Developer,KMP,Python; SQL,Django; REST,0.52,0.00099945068359375,8363,4,2025-10-24 01:49:11
23I2508.pdf,Backend Developer,KMP,Python; SQL,Django; REST,0.52,0.0009844303131103516,8387,4,2025-10-24 01:49:11
23I2608(1).docx,Backend Developer,KMP,Python; REST; SQL,Django,0.78,0.0010004043579101562,9047,4,2025-10-24 01:49:11
23I2608.pdf,Backend Developer,KMP,Python; REST; SQL,Django,0.78,0.0010008811950683594,9047,4,2025-10-24 01:49:11
23L-2563.docx,Backend Developer,KMP,Python; SQL,Django; REST,0.52,0.002005338668823242,9407,4,2025-10-24 01:49:11
23L-2563.pdf,Backend Developer,KMP,Python; SQL,Django; REST,0.52,0.0009953975677490234,9407,4,2025-10-24 01:49:11
23L2549(1).docx,Backend Developer,KMP,Python; REST,Django; SQL,0.52,0.0015048980712890625,5779,4,2025-10-24 01:49:11
23L2549(1).pdf,Backend Developer,KMP,Python; REST,Django; SQL,0.52,0.0,5779,4,2025-10-24 01:49:11
23L2549(2).pdf,Backend Developer,KMP,Python; REST,Django; SQL,0.52,0.0,5644,4,2025-10-24 01:49:11
23L2549(3).docx,Backend Developer,KMP,Python; REST,Django; SQL,0.52,0.0009856224060058594,5644,4,2025-10-24 01:49:11
23L2549.docx,Backend Developer,KMP,Python; REST,Django; SQL,0.52,0.0010004043579101562,5779,4,2025-10-24 01:49:11
23L2563.docx,Backend Developer,KMP,Python; SQL,Django; REST,0.52,0.0009999275207519531,9407,4,2025-10-24 01:49:11
23L2563.pdf,Backend Developer,KMP,Python; SQL,Django; REST,0.52,0.0010001659393310547,9407,4,2025-10-24 01:49:11
23f0647.docx,Backend Developer,KMP,Python; Django; REST; SQL,,1.0,0.0009860992431640625,6188,4,2025-10-24 01:49:12
23f0647.pdf,Backend Developer,KMP,Python; Django; REST; SQL,,1.0,0.0010008811950683594,6196,4,2025-10-24 01:49:12
23f0724.docx,Backend Developer,KMP,Python; REST; SQL,Django,0.78,0.0009999275207519531,8767,4,2025-10-24 01:49:12
23f0724.pdf,Backend Developer,KMP,Python; REST; SQL,Django,0.78,0.0010004043579101562,8767,4,2025-10-24 01:49:12
23i-0003.docx,Backend Developer,KMP,Python; SQL,Django; REST,0.52,0.0,5320,4,2025-10-24 01:49:12
23i-0003.pdf,Backend Developer,KMP,Python; SQL,Django; REST,0.52,0.0,5320,4,2025-10-24 01:49:12
23i-0012.docx,Backend Developer,KMP,Python; SQL,Django; REST,0.52,0.001001119613647461,5457,4,2025-10-24 01:49:12
23i-0012.pdf,Backend Developer,KMP,Python; SQL,Django; REST,0.52,0.0,5457,4,2025-10-24 01:49:12
23i-2065_CV.docx,Backend Developer,KMP,Python; SQL,Django; REST,0.52,0.0,6649,4,2025-10-24 01:49:12
23i-2065_CV.pdf,Backend Developer,KMP,Python; SQL,Django; REST,0.52,0.0,6649,4,2025-10-24 01:49:12
23i-2523.docx,Backend Developer,KMP,Python; SQL,Django; REST,0.52,0.0019986629486083984,10536,4,2025-10-24 01:49:12
23i-2523.pdf,Backend Developer,KMP,Python; SQL,Django; REST,0.52,0.0009996891021728516,10536,4,2025-10-24 01:49:12
23i-2531.pdf,Backend Developer,KMP,Python; SQL,Django; REST,0.52,0.0010044574737548828,8208,4,2025-10-24 01:49:12
23i-2584.docx,Backend Developer,KMP,Python; SQL,Django; REST,0.52,0.0010006427764892578,5987,4,2025-10-24 01:49:12
23i-2584.pdf,Backend Developer,KMP,Python; SQL,Django; REST,0.52,0.0,5987,4,2025-10-24 01:49:12
23i-2589(1).docx,Backend Developer,KMP,SQL,Python; Django; REST,0.26,0.0,6893,4,2025-10-24 01:49:12
23i-2589(1).pdf,Backend Developer,KMP,SQL,Python; Django; REST,0.26,0.0,6917,4,2025-10-24 01:49:12
23i-2589.docx,Backend Developer,KMP,SQL,Python; Django; REST,0.26,0.0,6889,4,2025-10-24 01:49:12
23i-2589.pdf,Backend Developer,KMP,SQL,Python; Django; REST,0.26,0.0009999275207519531,6913,4,2025-10-24 01:49:12
23i-2592.pdf,Backend Developer,KMP,Python; SQL,Django; REST,0.52,0.001001119613647461,6547,4,2025-10-24 01:49:12
23i-2655.docx,Backend Developer,KMP,Python; SQL,Django; REST,0.52,0.0010013580322265625,7630,4,2025-10-24 01:49:12
23i-2655.pdf,Backend Developer,KMP,Python; SQL,Django; REST,0.52,0.0005056858062744141,7630,4,2025-10-24 01:49:13
23i0003.docx,Backend Developer,KMP,Python; SQL,Django; REST,0.52,0.0,5320,4,2025-10-24 01:49:13
23i0003.pdf,Backend Developer,KMP,Python; SQL,Django; REST,0.52,0.0,5320,4,2025-10-24 01:49:13
23i0009.docx,Backend Developer,KMP,Python,Django; REST; SQL,0.26,0.0009980201721191406,7205,4,2025-10-24 01:49:13
23i0009.pdf,Backend Developer,KMP,Python,Django; REST; SQL,0.26,0.0010018348693847656,7205,4,2025-10-24 01:49:13
23i0010.docx,Backend Developer,KMP,Python,Django; REST; SQL,0.26,0.0,5295,4,2025-10-24 01:49:13
23i0010.pdf,Backend Developer,KMP,Python,Django; REST; SQL,0.26,0.0009846687316894531,5295,4,2025-10-24 01:49:13
23i0012.docx,Backend Developer,KMP,Python; SQL,Django; REST,0.52,0.0,5457,4,2025-10-24 01:49:13
23i0012.pdf,Backend Developer,KMP,Python; SQL,Django; REST,0.52,0.0009846687316894531,5457,4,2025-10-24 01:49:13
23i0015.docx,Backend Developer,KMP,Python; SQL,Django; REST,0.52,0.000997781753540039,7081,4,2025-10-24 01:49:13
23i0015.pdf,Backend Developer,KMP,Python; SQL,Django; REST,0.52,0.0009999275207519531,7081,4,2025-10-24 01:49:13
23i0018.docx,Backend Developer,KMP,Python; REST,Django; SQL,0.52,0.0010004043579101562,6173,4,2025-10-24 01:49:13
23i0018.pdf,Backend Developer,KMP,Python; REST,Django; SQL,0.52,0.0,6173,4,2025-10-24 01:49:13
23i0021.docx,Backend Developer,KMP,Python; REST,Django; SQL,0.52,0.0009996891021728516,7225,4,2025-10-24 01:49:13
23i0021.pdf,Backend Developer,KMP,Python; REST,Django; SQL,0.52,0.0005047321319580078,7237,4,2025-10-24 01:49:13
23i0022.docx,Backend Developer,KMP,Python; SQL,Django; REST,0.52,0.0009965896606445312,8938,4,2025-10-24 01:49:13
23i0022.pdf,Backend Developer,KMP,Python; SQL,Django; REST,0.52,0.0010046958923339844,8974,4,2025-10-24 01:49:13
23i0029(1).docx,Backend Developer,KMP,Python; REST; SQL,Django,0.78,0.0019989013671875,14934,4,2025-10-24 01:49:13
23i0029(1).pdf,Backend Developer,KMP,Python; REST; SQL,Django,0.78,0.0010013580322265625,15006,4,2025-10-24 01:49:13
23i0029(2).docx,Backend Developer,KMP,Python; REST; SQL,Django,0.78,0.0020215511322021484,14507,4,2025-10-24 01:49:13
23i0029(2).pdf,Backend Developer,KMP,Python; REST; SQL,Django,0.78,0.0019991397857666016,14567,4,2025-10-24 01:49:13
23i0029(3).docx,Backend Developer,KMP,Python; REST; SQL,Django,0.78,0.0010123252868652344,8411,4,2025-10-24 01:49:13
23i0029(3).pdf,Backend Developer,KMP,Python; REST; SQL,Django,0.78,0.001001119613647461,8459,4,2025-10-24 01:49:13
23i0029.docx,Backend Developer,KMP,Python; REST; SQL,Django,0.78,0.0019991397857666016,16013,4,2025-10-24 01:49:13
23i0029.pdf,Backend Developer,KMP,Python; REST; SQL,Django,0.78,0.0010013580322265625,16085,4,2025-10-24 01:49:14
23i0033.docx,Backend Developer,KMP,Python; SQL,Django; REST,0.52,0.0010061264038085938,8508,4,2025-10-24 01:49:14
23i0033.pdf,Backend Developer,KMP,Python; SQL,Django; REST,0.52,0.0,8508,4,2025-10-24 01:49:14
23i0034.docx,Backend Developer,KMP,Python; SQL,Django; REST,0.52,0.0010008811950683594,6065,4,2025-10-24 01:49:14
23i0034.pdf,Backend Developer,KMP,Python; SQL,Django; REST,0.52,0.0,6065,4,2025-10-24 01:49:14
23i0035(1).docx,Backend Developer,KMP,Python,Django; REST; SQL,0.26,0.0010223388671875,9942,4,2025-10-24 01:49:14
23i0035(1).pdf,Backend Developer,KMP,Python,Django; REST; SQL,0.26,0.0010008811950683594,9990,4,2025-10-24 01:49:14
23i0035(2).docx,Backend Developer,KMP,Python,Django; REST; SQL,0.26,0.0011031627655029297,9970,4,2025-10-24 01:49:14
23i0035(2).pdf,Backend Developer,KMP,Python,Django; REST; SQL,0.26,0.0010004043579101562,9994,4,2025-10-24 01:49:14
23i0035(3).docx,Backend Developer,KMP,Python,Django; REST; SQL,0.26,0.0009996891021728516,9909,4,2025-10-24 01:49:14
23i0035(3).pdf,Backend Developer,KMP,Python,Django; REST; SQL,0.26,0.0010004043579101562,9933,4,2025-10-24 01:49:14
23i0035.docx,Backend Developer,KMP,Python,Django; REST; SQL,0.26,0.0010068416595458984,9808,4,2025-10-24 01:49:14
23i0035.pdf,Backend Developer,KMP,Python,Django; REST; SQL,0.26,0.0010006427764892578,9856,4,2025-10-24 01:49:14
23i0038(1).docx,Backend Developer,KMP,Python; REST; SQL,Django,0.78,0.0010013580322265625,6887,4,2025-10-24 01:49:14
23i0038(1).pdf,Backend Developer,KMP,Python; REST; SQL,Django,0.78,0.0013751983642578125,6887,4,2025-10-24 01:49:14
23i0038.docx,Backend Developer,KMP,Python; REST; SQL,Django,0.78,0.0009999275207519531,6887,4,2025-10-24 01:49:14
23i0038.pdf,Backend Developer,KMP,Python; REST; SQL,Django,0.78,0.002002239227294922,6887,4,2025-10-24 01:49:14
23i0044.docx,Backend Developer,KMP,Python; SQL,Django; REST,0.52,0.0011210441589355469,7041,4,2025-10-24 01:49:14
23i0044.pdf,Backend Developer,KMP,Python; SQL,Django; REST,0.52,0.0,7041,4,2025-10-24 01:49:14
23i0046.docx,Backend Developer,KMP,Python; SQL,Django; REST,0.52,0.000993490219116211,6469,4,2025-10-24 01:49:14
23i0046.pdf,Backend Developer,KMP,Python; SQL,Django; REST,0.52,0.0010902881622314453,6469,4,2025-10-24 01:49:14
23i0047.docx,Backend Developer,KMP,Python; SQL,Django; REST,0.52,0.0,6773,4,2025-10-24 01:49:14
23i0047.pdf,Backend Developer,KMP,Python; SQL,Django; REST,0.52,0.0010004043579101562,6773,4,2025-10-24 01:49:14
23i0052.docx,Backend Developer,KMP,Python; REST; SQL,Django,0.78,0.0009999275207519531,8783,4,2025-10-24 01:49:14
23i0052.pdf,Backend Developer,KMP,Python; REST; SQL,Django,0.78,0.0010020732879638672,8835,4,2025-10-24 01:49:15
23i0055.docx,Backend Developer,KMP,Python; REST,Django; SQL,0.52,0.0010197162628173828,7090,4,2025-10-24 01:49:15
23i0055.pdf,Backend Developer,KMP,Python; REST,Django; SQL,0.52,0.0009980201721191406,7094,4,2025-10-24 01:49:15
23i0056.docx,Backend Developer,KMP,Python,Django; REST; SQL,0.26,0.0010046958923339844,9168,4,2025-10-24 01:49:15
23i0056.pdf,Backend Developer,KMP,Python,Django; REST; SQL,0.26,0.001028299331665039,9364,4,2025-10-24 01:49:15
23i0059.docx,Backend Developer,KMP,Python,Django; REST; SQL,0.26,0.0010325908660888672,7018,4,2025-10-24 01:49:15
23i0059.pdf,Backend Developer,KMP,Python,Django; REST; SQL,0.26,0.0009989738464355469,7018,4,2025-10-24 01:49:15
23i0060.docx,Backend Developer,KMP,Python,Django; REST; SQL,0.26,0.0,5624,4,2025-10-24 01:49:15
23i0060.pdf,Backend Developer,KMP,Python,Django; REST; SQL,0.26,0.0011420249938964844,5632,4,2025-10-24 01:49:15
23i0061.docx,Backend Developer,KMP,Python; SQL,Django; REST,0.52,0.0011746883392333984,6547,4,2025-10-24 01:49:15
23i0061.pdf,Backend Developer,KMP,Python; SQL,Django; REST,0.52,0.0,6547,4,2025-10-24 01:49:15
23i0063 (1).pdf,Backend Developer,KMP,Python; REST,Django; SQL,0.52,0.0,7646,4,2025-10-24 01:49:15
23i0063(1).docx,Backend Developer,KMP,Python; REST,Django; SQL,0.52,0.0010001659393310547,7610,4,2025-10-24 01:49:15
23i0063.docx,Backend Developer,KMP,Python; REST,Django; SQL,0.52,0.0019843578338623047,11775,4,2025-10-24 01:49:15
23i0063.pdf,Backend Developer,KMP,Python; REST,Django; SQL,0.52,0.0010004043579101562,11835,4,2025-10-24 01:49:15
23i0069.docx,Backend Developer,KMP,Python; SQL,Django; REST,0.52,0.0,5464,4,2025-10-24 01:49:15
23i0069.pdf,Backend Developer,KMP,Python; SQL,Django; REST,0.52,0.0010008811950683594,5488,4,2025-10-24 01:49:15
23i0073.docx,Backend Developer,KMP,Python; REST; SQL,Django,0.78,0.0009989738464355469,6685,4,2025-10-24 01:49:15
23i0073.pdf,Backend Developer,KMP,Python; REST; SQL,Django,0.78,0.0010008811950683594,6709,4,2025-10-24 01:49:15
23i0076.docx,Backend Developer,KMP,Python,Django; REST; SQL,0.26,0.0009989738464355469,6885,4,2025-10-24 01:49:15
23i0076.pdf,Backend Developer,KMP,Python,Django; REST; SQL,0.26,0.0010042190551757812,6913,4,2025-10-24 01:49:15
23i0080.docx,Backend Developer,KMP,Python; REST; SQL,Django,0.78,0.00229644775390625,9959,4,2025-10-24 01:49:15
23i0080.pdf,Backend Developer,KMP,Python; REST; SQL,Django,0.78,0.002168893814086914,9959,4,2025-10-24 01:49:16
23i0081(1).docx,Backend Developer,KMP,Python; SQL,Django; REST,0.52,0.0010094642639160156,7941,4,2025-10-24 01:49:16
23i0081(1).pdf,Backend Developer,KMP,Python; SQL,Django; REST,0.52,0.0010042190551757812,7941,4,2025-10-24 01:49:16
23i0081(2).docx,Backend Developer,KMP,Python; SQL,Django; REST,0.52,0.0,6662,4,2025-10-24 01:49:16
23i0081(2).pdf,Backend Developer,KMP,Python; SQL,Django; REST,0.52,0.0009918212890625,6662,4,2025-10-24 01:49:16
23i0081.docx,Backend Developer,KMP,Python; SQL,Django; REST,0.52,0.001001119613647461,7941,4,2025-10-24 01:49:16
23i0081.pdf,Backend Developer,KMP,Python; SQL,Django; REST,0.52,0.0020189285278320312,7941,4,2025-10-24 01:49:16
23i0082.docx,Backend Developer,KMP,Python; REST; SQL,Django,0.78,0.0006358623504638672,9105,4,2025-10-24 01:49:16
23i0082.pdf,Backend Developer,KMP,Python; REST; SQL,Django,0.78,0.001001119613647461,9109,4,2025-10-24 01:49:16
23i0085(1).docx,Backend Developer,KMP,Python; REST; SQL,Django,0.78,0.0019989013671875,9910,4,2025-10-24 01:49:16
23i0085(1).pdf,Backend Developer,KMP,Python; REST; SQL,Django,0.78,0.0016422271728515625,9910,4,2025-10-24 01:49:16
23i0085(2).docx,Backend Developer,KMP,Python; REST; SQL,Django,0.78,0.001990795135498047,10061,4,2025-10-24 01:49:16
23i0085(2).pdf,Backend Developer,KMP,Python; REST; SQL,Django,0.78,0.0010056495666503906,10061,4,2025-10-24 01:49:16
23i0085.docx,Backend Developer,KMP,Python; REST; SQL,Django,0.78,0.00101470947265625,9910,4,2025-10-24 01:49:16
23i0085.pdf,Backend Developer,KMP,Python; REST; SQL,Django,0.78,0.0010008811950683594,9910,4,2025-10-24 01:49:16
23i0089.docx,Backend Developer,KMP,Python; SQL,Django; REST,0.52,0.0009996891021728516,6235,4,2025-10-24 01:49:16
23i0089.pdf,Backend Developer,KMP,Python; SQL,Django; REST,0.52,0.0005049705505371094,6239,4,2025-10-24 01:49:16
23i0090.docx,Backend Developer,KMP,Python; SQL,Django; REST,0.52,0.0009992122650146484,7415,4,2025-10-24 01:49:16
23i0090.pdf,Backend Developer,KMP,Python; SQL,Django; REST,0.52,0.0009999275207519531,7439,4,2025-10-24 01:49:16
23i0091.docx,Backend Developer,KMP,Python; SQL,Django; REST,0.52,0.0009751319885253906,8134,4,2025-10-24 01:49:16
23i0091.pdf,Backend Developer,KMP,Python; SQL,Django; REST,0.52,0.0015056133270263672,8182,4,2025-10-24 01:49:17
23i0094.docx,Backend Developer,KMP,Python; REST; SQL,Django,0.78,0.001001596450805664,7870,4,2025-10-24 01:49:17
23i0094.pdf,Backend Developer,KMP,Python; REST; SQL,Django,0.78,0.0,7870,4,2025-10-24 01:49:17
23i0096(1).pdf,Backend Developer,KMP,Python,Django; REST; SQL,0.26,0.0,6624,4,2025-10-24 01:49:17
23i0096(2).pdf,Backend Developer,KMP,Python,Django; REST; SQL,0.26,0.00098419189453125,6624,4,2025-10-24 01:49:17
23i0096.docx,Backend Developer,KMP,Python,Django; REST; SQL,0.26,0.0010001659393310547,6805,4,2025-10-24 01:49:17
23i0096.pdf,Backend Developer,KMP,Python,Django; REST; SQL,0.26,0.0010004043579101562,6624,4,2025-10-24 01:49:17
23i0098.docx,Backend Developer,KMP,Python; SQL,Django; REST,0.52,0.0,6425,4,2025-10-24 01:49:17
23i0098.pdf,Backend Developer,KMP,Python; SQL,Django; REST,0.52,0.0009839534759521484,6449,4,2025-10-24 01:49:17
23i0099(1).docx,Backend Developer,KMP,Python; REST,Django; SQL,0.52,0.0,6127,4,2025-10-24 01:49:17
23i0099(1).pdf,Backend Developer,KMP,Python; REST,Django; SQL,0.52,0.0010106563568115234,6139,4,2025-10-24 01:49:17
23i0099.docx,Backend Developer,KMP,Python; REST,Django; SQL,0.52,0.001010894775390625,6126,4,2025-10-24 01:49:17
23i0099.pdf,Backend Developer,KMP,Python; REST,Django; SQL,0.52,0.000997304916381836,6138,4,2025-10-24 01:49:17
23i0101.docx,Backend Developer,KMP,Python; REST,Django; SQL,0.52,0.0022475719451904297,7159,4,2025-10-24 01:49:17
23i0101.pdf,Backend Developer,KMP,Python; REST,Django; SQL,0.52,0.0009260177612304688,7159,4,2025-10-24 01:49:17
23i0102.docx,Backend Developer,KMP,Python; REST; SQL,Django,0.78,0.0013926029205322266,7196,4,2025-10-24 01:49:17
23i0102.pdf,Backend Developer,KMP,Python; REST; SQL,Django,0.78,0.0010058879852294922,7220,4,2025-10-24 01:49:17
23i0105(1).docx,Backend Developer,KMP,Python,Django; REST; SQL,0.26,0.0010020732879638672,6449,4,2025-10-24 01:49:17
23i0105(1).pdf,Backend Developer,KMP,Python,Django; REST; SQL,0.26,0.00099945068359375,6461,4,2025-10-24 01:49:18
23i0105(2).docx,Backend Developer,KMP,Python,Django; REST; SQL,0.26,0.0005087852478027344,6116,4,2025-10-24 01:49:18
23i0105(2).pdf,Backend Developer,KMP,Python,Django; REST; SQL,0.26,0.0010046958923339844,6128,4,2025-10-24 01:49:18
23i0105.docx,Backend Developer,KMP,Python,Django; REST; SQL,0.26,0.0019998550415039062,9161,4,2025-10-24 01:49:18
23i0105.pdf,Backend Developer,KMP,Python,Django; REST; SQL,0.26,0.0022084712982177734,9201,4,2025-10-24 01:49:18
23i0106(1).docx,Backend Developer,KMP,Python; SQL,Django; REST,0.52,0.0016300678253173828,7327,4,2025-10-24 01:49:18
23i0106(1).pdf,Backend Developer,KMP,Python; SQL,Django; REST,0.52,0.0010013580322265625,7327,4,2025-10-24 01:49:18
23i0106(2).docx,Backend Developer,KMP,Python; SQL,Django; REST,0.52,0.000997304916381836,7327,4,2025-10-24 01:49:18
23i0106(2).pdf,Backend Developer,KMP,Python; SQL,Django; REST,0.52,0.0010073184967041016,7327,4,2025-10-24 01:49:18
23i0106.docx,Backend Developer,KMP,Python; SQL,Django; REST,0.52,0.0010046958923339844,7327,4,2025-10-24 01:49:18
23i0106.docx(1).pdf,Backend Developer,KMP,Python; SQL,Django; REST,0.52,0.0009999275207519531,7327,4,2025-10-24 01:49:18
23i0106.docx.pdf,Backend Developer,KMP,Python; SQL,Django; REST,0.52,0.0,7327,4,2025-10-24 01:49:18
23i0106.pdf,Backend Developer,KMP,Python; SQL,Django; REST,0.52,0.0009829998016357422,7327,4,2025-10-24 01:49:19
23i0109.docx,Backend Developer,KMP,Python; REST,Django; SQL,0.52,0.0,8190,4,2025-10-24 01:49:19
23i0109.pdf,Backend Developer,KMP,Python; REST,Django; SQL,0.52,0.0009975433349609375,8238,4,2025-10-24 01:49:19
23i0113.docx,Backend Developer,KMP,Python; SQL,Django; REST,0.52,0.0010006427764892578,7103,4,2025-10-24 01:49:19
23i0113.pdf,Backend Developer,KMP,Python; SQL,Django; REST,0.52,0.0010018348693847656,7103,4,2025-10-24 01:49:19
23i0114.docx,Backend Developer,KMP,Python; REST; SQL,Django,0.78,0.0010001659393310547,6658,4,2025-10-24 01:49:19
23i0114.pdf,Backend Developer,KMP,Python; REST; SQL,Django,0.78,0.0008828639984130859,6682,4,2025-10-24 01:49:19
23i0115.docx,Backend Developer,KMP,Python; Django; SQL,REST,0.78,0.0009942054748535156,8397,4,2025-10-24 01:49:19
23i0115.pdf,Backend Developer,KMP,Python; Django; SQL,REST,0.78,0.0019941329956054688,8433,4,2025-10-24 01:49:19
23i0116.docx,Backend Developer,KMP,Python; SQL,Django; REST,0.52,0.0009999275207519531,6238,4,2025-10-24 01:49:19
23i0116.pdf,Backend Developer,KMP,Python; SQL,Django; REST,0.52,0.0010004043579101562,6262,4,2025-10-24 01:49:19
23i0117.docx,Backend Developer,KMP,Python; REST,Django; SQL,0.52,0.0009992122650146484,9827,4,2025-10-24 01:49:19
23i0117.pdf,Backend Developer,KMP,Python; REST,Django; SQL,0.52,0.0010297298431396484,9851,4,2025-10-24 01:49:19
23i0119.docx,Backend Developer,KMP,Python; REST,Django; SQL,0.52,0.0009996891021728516,8076,4,2025-10-24 01:49:19
23i0119.pdf,Backend Developer,KMP,Python; REST,Django; SQL,0.52,0.0005199909210205078,8076,4,2025-10-24 01:49:19
23i0120(1).docx,Backend Developer,KMP,Python; Django; SQL,REST,0.78,0.0020046234130859375,9214,4,2025-10-24 01:49:19
23i0120(1).pdf,Backend Developer,KMP,Python; Django; SQL,REST,0.78,0.001001596450805664,9274,4,2025-10-24 01:49:19
23i0120.docx,Backend Developer,KMP,Python; Django; SQL,REST,0.78,0.0010008811950683594,9214,4,2025-10-24 01:49:20
23i0120.pdf,Backend Developer,KMP,Python; Django; SQL,REST,0.78,0.0008690357208251953,9274,4,2025-10-24 01:49:20
23i0121(1).docx,Backend Developer,KMP,,Python; Django; REST; SQL,0.0,0.0010001659393310547,6368,4,2025-10-24 01:49:20
23i0121(1).pdf,Backend Developer,KMP,,Python; Django; REST; SQL,0.0,0.0009944438934326172,6368,4,2025-10-24 01:49:20
23i0121(2).docx,Backend Developer,KMP,,Python; Django; REST; SQL,0.0,0.0009982585906982422,6316,4,2025-10-24 01:49:20
23i0121(2).pdf,Backend Developer,KMP,,Python; Django; REST; SQL,0.0,0.001016378402709961,6316,4,2025-10-24 01:49:20
23i0121.docx,Backend Developer,KMP,,Python; Django; REST; SQL,0.0,0.0,6753,4,2025-10-24 01:49:20
23i0121.pdf,Backend Developer,KMP,,Python; Django; REST; SQL,0.0,0.0009129047393798828,6753,4,2025-10-24 01:49:20
23i0122.docx,Backend Developer,KMP,Python; REST; SQL,Django,0.78,0.0010008811950683594,10434,4,2025-10-24 01:49:20
23i0122.pdf,Backend Developer,KMP,Python; REST; SQL,Django,0.78,0.0009999275207519531,10470,4,2025-10-24 01:49:20
23i0123.docx,Backend Developer,KMP,Python; REST; SQL,Django,0.78,0.0,6861,4,2025-10-24 01:49:20
23i0123.pdf,Backend Developer,KMP,Python; REST; SQL,Django,0.78,0.001504659652709961,6885,4,2025-10-24 01:49:20
23i0125.docx,Backend Developer,KMP,Python; SQL,Django; REST,0.52,0.0019996166229248047,8629,4,2025-10-24 01:49:20
23i0125.pdf,Backend Developer,KMP,Python; SQL,Django; REST,0.52,0.0010068416595458984,8629,4,2025-10-24 01:49:21
23i0126.docx,Backend Developer,KMP,Python; REST; SQL,Django,0.78,0.001033782958984375,7334,4,2025-10-24 01:49:21
23i0126.pdf,Backend Developer,KMP,Python; REST; SQL,Django,0.78,0.0016815662384033203,7334,4,2025-10-24 01:49:21
23i0127.docx,Backend Developer,KMP,Python; REST; SQL,Django,0.78,0.0009961128234863281,8733,4,2025-10-24 01:49:21
23i0127.pdf,Backend Developer,KMP,Python; REST; SQL,Django,0.78,0.000972747802734375,8781,4,2025-10-24 01:49:21
23i0129.docx,Backend Developer,KMP,Python; REST; SQL,Django,0.78,0.0009925365447998047,6722,4,2025-10-24 01:49:21
23i0129.pdf,Backend Developer,KMP,Python; REST; SQL,Django,0.78,0.0010020732879638672,6758,4,2025-10-24 01:49:21
23i0130(1).docx,Backend Developer,KMP,Python; SQL,Django; REST,0.52,0.0,7302,4,2025-10-24 01:49:21
23i0130(1).pdf,Backend Developer,KMP,Python; SQL,Django; REST,0.52,0.0009984970092773438,7326,4,2025-10-24 01:49:21
23i0130.docx,Backend Developer,KMP,Python; SQL,Django; REST,0.52,0.0010268688201904297,7310,4,2025-10-24 01:49:21
23i0130.docx.pdf,Backend Developer,KMP,Python; SQL,Django; REST,0.52,0.001016855239868164,7326,4,2025-10-24 01:49:21
23i0130.pdf,Backend Developer,KMP,Python; SQL,Django; REST,0.52,0.0010232925415039062,7334,4,2025-10-24 01:49:21
23i0131.docx,Backend Developer,KMP,Python; REST; SQL,Django,0.78,0.0009999275207519531,9382,4,2025-10-24 01:49:21
23i0131.pdf,Backend Developer,KMP,Python; REST; SQL,Django,0.78,0.00099945068359375,9626,4,2025-10-24 01:49:22
23i0132.docx,Backend Developer,KMP,Python; SQL,Django; REST,0.52,0.0009930133819580078,8050,4,2025-10-24 01:49:22
23i0132.pdf,Backend Developer,KMP,Python; SQL,Django; REST,0.52,0.0010008811950683594,8050,4,2025-10-24 01:49:22
23i0135.docx,Backend Developer,KMP,Python; REST,Django; SQL,0.52,0.0009980201721191406,7903,4,2025-10-24 01:49:22
23i0135.pdf,Backend Developer,KMP,Python; REST,Django; SQL,0.52,0.0,7903,4,2025-10-24 01:49:22
23i0137.docx,Backend Developer,KMP,Python; REST; SQL,Django,0.78,0.001379251480102539,8138,4,2025-10-24 01:49:22
23i0139(1).docx,Backend Developer,KMP,Python; REST,Django; SQL,0.52,0.0011069774627685547,5495,4,2025-10-24 01:49:22
23i0139(1).pdf,Backend Developer,KMP,Python; REST,Django; SQL,0.52,0.0010013580322265625,5495,4,2025-10-24 01:49:22
23i0139.docx,Backend Developer,KMP,Python; REST,Django; SQL,0.52,0.0009996891021728516,5646,4,2025-10-24 01:49:22
23i0139.pdf,Backend Developer,KMP,Python; REST,Django; SQL,0.52,0.0010035037994384766,5646,4,2025-10-24 01:49:22
23i0141(1).docx,Backend Developer,KMP,Python; REST; SQL,Django,0.78,0.0010097026824951172,9417,4,2025-10-24 01:49:22
23i0141(1).pdf,Backend Developer,KMP,Python; REST; SQL,Django,0.78,0.0010004043579101562,9429,4,2025-10-24 01:49:22
23i0141.docx,Backend Developer,KMP,Python; REST; SQL,Django,0.78,0.0020079612731933594,9413,4,2025-10-24 01:49:22
23i0141.pdf,Backend Developer,KMP,Python; REST; SQL,Django,0.78,0.0009996891021728516,9425,4,2025-10-24 01:49:22
23i0143.docx,Backend Developer,KMP,Python,Django; REST; SQL,0.26,0.0,3440,4,2025-10-24 01:49:22
23i0143.pdf,Backend Developer,KMP,Python,Django; REST; SQL,0.26,0.0,3440,4,2025-10-24 01:49:22
23i0337.docx,Backend Developer,KMP,,Python; Django; REST; SQL,0.0,0.0009999275207519531,8274,4,2025-10-24 01:49:22
23i0337.pdf,Backend Developer,KMP,,Python; Django; REST; SQL,0.0,0.0009090900421142578,8310,4,2025-10-24 01:49:22
23i2005.docx,Backend Developer,KMP,Python; REST; SQL,Django,0.78,0.0010006427764892578,10609,4,2025-10-24 01:49:22
23i2005.pdf,Backend Developer,KMP,Python; REST; SQL,Django,0.78,0.0010001659393310547,10633,4,2025-10-24 01:49:22
23i2024.docx,Backend Developer,KMP,Python; REST,Django; SQL,0.52,0.0010001659393310547,6030,4,2025-10-24 01:49:22
23i2024.pdf,Backend Developer,KMP,Python; REST,Django; SQL,0.52,0.001004934310913086,6317,4,2025-10-24 01:49:22
23i2065.docx,Backend Developer,KMP,Python; SQL,Django; REST,0.52,0.0,6619,4,2025-10-24 01:49:22
23i2065.pdf,Backend Developer,KMP,Python; SQL,Django; REST,0.52,0.0010018348693847656,6619,4,2025-10-24 01:49:23
23i2082 .docx,Backend Developer,KMP,Python; SQL,Django; REST,0.52,0.0015180110931396484,6008,4,2025-10-24 01:49:23
23i2082 .pdf,Backend Developer,KMP,Python; SQL,Django; REST,0.52,0.0,6021,4,2025-10-24 01:49:23
23i2084.docx,Backend Developer,KMP,Python; REST; SQL,Django,0.78,0.000986337661743164,10710,4,2025-10-24 01:49:23
23i2084.pdf,Backend Developer,KMP,Python; REST; SQL,Django,0.78,0.0009851455688476562,10758,4,2025-10-24 01:49:23
23i2091.docx,Backend Developer,KMP,Python; REST; SQL,Django,0.78,0.0,5857,4,2025-10-24 01:49:23
23i2091.pdf,Backend Developer,KMP,Python; REST; SQL,Django,0.78,0.002000570297241211,5857,4,2025-10-24 01:49:23
23i2099(1).docx,Backend Developer,KMP,Python; SQL,Django; REST,0.52,0.0009996891021728516,10083,4,2025-10-24 01:49:23
23i2099(1).pdf,Backend Developer,KMP,Python; SQL,Django; REST,0.52,0.0009999275207519531,10143,4,2025-10-24 01:49:23
23i2099(2).docx,Backend Developer,KMP,Python; SQL,Django; REST,0.52,0.0010242462158203125,9832,4,2025-10-24 01:49:23
23i2099(2).pdf,Backend Developer,KMP,Python; SQL,Django; REST,0.52,0.0010483264923095703,9892,4,2025-10-24 01:49:23
23i2099.docx,Backend Developer,KMP,Python; SQL,Django; REST,0.52,0.0009984970092773438,10083,4,2025-10-24 01:49:23
23i2099.pdf,Backend Developer,KMP,Python; SQL,Django; REST,0.52,0.0019989013671875,10143,4,2025-10-24 01:49:23
23i2500(1).docx,Backend Developer,KMP,Python; SQL,Django; REST,0.52,0.0010018348693847656,9522,4,2025-10-24 01:49:23
23i2500(1).pdf,Backend Developer,KMP,Python; SQL,Django; REST,0.52,0.0019960403442382812,9497,4,2025-10-24 01:49:23
23i2500(2).docx,Backend Developer,KMP,Python; SQL,Django; REST,0.52,0.0010001659393310547,9449,4,2025-10-24 01:49:23
23i2500.docx,Backend Developer,KMP,Python; SQL,Django; REST,0.52,0.0010001659393310547,9522,4,2025-10-24 01:49:23
23i2500.docx.pdf,Backend Developer,KMP,Python; SQL,Django; REST,0.52,0.0010008811950683594,9570,4,2025-10-24 01:49:24
23i2500.pdf,Backend Developer,KMP,Python; SQL,Django; REST,0.52,0.0019991397857666016,9570,4,2025-10-24 01:49:24
23i2501(1).docx,Backend Developer,KMP,Python; SQL,Django; REST,0.52,0.0009944438934326172,7027,4,2025-10-24 01:49:24
23i2501(1).pdf,Backend Developer,KMP,Python; SQL,Django; REST,0.52,0.000942230224609375,7075,4,2025-10-24 01:49:24
23i2501(2).docx,Backend Developer,KMP,Python; SQL,Django; REST,0.52,0.0,7027,4,2025-10-24 01:49:24
23i2501(2).pdf,Backend Developer,KMP,Python; SQL,Django; REST,0.52,0.0,7075,4,2025-10-24 01:49:24
23i2501(3).docx,Backend Developer,KMP,Python; SQL,Django; REST,0.52,0.0009918212890625,7362,4,2025-10-24 01:49:24
23i2501(3).pdf,Backend Developer,KMP,Python; SQL,Django; REST,0.52,0.0010519027709960938,7362,4,2025-10-24 01:49:24
23i2501.docx,Backend Developer,KMP,Python; SQL,Django; REST,0.52,0.0009899139404296875,7027,4,2025-10-24 01:49:24
23i2501.pdf,Backend Developer,KMP,Python; SQL,Django; REST,0.52,0.0009982585906982422,7075,4,2025-10-24 01:49:24
23i2502 (1).docx,Backend Developer,KMP,Python; SQL,Django; REST,0.52,0.0009999275207519531,6208,4,2025-10-24 01:49:24
23i2502 (1).pdf,Backend Developer,KMP,Python; SQL,Django; REST,0.52,0.0010004043579101562,6208,4,2025-10-24 01:49:24
23i2502 .docx,Backend Developer,KMP,Python; SQL,Django; REST,0.52,0.0010082721710205078,6208,4,2025-10-24 01:49:24
23i2502 .pdf,Backend Developer,KMP,Python; SQL,Django; REST,0.52,0.0,6208,4,2025-10-24 01:49:24
23i2503.docx,Backend Developer,KMP,Python; SQL,Django; REST,0.52,0.0009989738464355469,8680,4,2025-10-24 01:49:24
23i2503.pdf,Backend Developer,KMP,Python; SQL,Django; REST,0.52,0.0009975433349609375,8688,4,2025-10-24 01:49:25
23i2503_CV(1).docx,Backend Developer,KMP,Python; SQL,Django; REST,0.52,0.0019981861114501953,8680,4,2025-10-24 01:49:25
23i2503_CV(1).pdf,Backend Developer,KMP,Python; SQL,Django; REST,0.52,0.0009996891021728516,8688,4,2025-10-24 01:49:25
23i2504.docx,Backend Developer,KMP,Python; SQL,Django; REST,0.52,0.0019903182983398438,6841,4,2025-10-24 01:49:25
23i2504.pdf,Backend Developer,KMP,Python; SQL,Django; REST,0.52,0.0010008811950683594,6865,4,2025-10-24 01:49:25
23i2506(1).docx,Backend Developer,KMP,Python; REST; SQL,Django,0.78,0.0010368824005126953,6981,4,2025-10-24 01:49:25
23i2506(1).pdf,Backend Developer,KMP,Python; REST; SQL,Django,0.78,0.0009965896606445312,7017,4,2025-10-24 01:49:25
23i2506.docx,Backend Developer,KMP,Python; REST; SQL,Django,0.78,0.0,7128,4,2025-10-24 01:49:25
23i2506.pdf,Backend Developer,KMP,Python; REST; SQL,Django,0.78,0.001986265182495117,7164,4,2025-10-24 01:49:25
23i2507(1).docx,Backend Developer,KMP,Python; SQL,Django; REST,0.52,0.0010056495666503906,9292,4,2025-10-24 01:49:25
23i2507(1).pdf,Backend Developer,KMP,Python; SQL,Django; REST,0.52,0.0020051002502441406,9292,4,2025-10-24 01:49:25
23i2507(2).docx,Backend Developer,KMP,Python; SQL,Django; REST,0.52,0.0010416507720947266,9778,4,2025-10-24 01:49:25
23i2507(2).pdf,Backend Developer,KMP,Python; SQL,Django; REST,0.52,0.0010008811950683594,9778,4,2025-10-24 01:49:25
23i2507.docx,Backend Developer,KMP,Python; SQL,Django; REST,0.52,0.0018703937530517578,9300,4,2025-10-24 01:49:25
23i2507.pdf,Backend Developer,KMP,Python; SQL,Django; REST,0.52,0.0010495185852050781,9300,4,2025-10-24 01:49:25
23i2508(1).pdf,Backend Developer,KMP,Python; SQL,Django; REST,0.52,0.0009996891021728516,8387,4,2025-10-24 01:49:25
23i2508.docx,Backend Developer,KMP,Python; SQL,Django; REST,0.52,0.0010013580322265625,8363,4,2025-10-24 01:49:25
23i2510.docx,Backend Developer,KMP,Python,Django; REST; SQL,0.26,0.0,6206,4,2025-10-24 01:49:25
23i2510.pdf,Backend Developer,KMP,Python,Django; REST; SQL,0.26,0.0010962486267089844,6206,4,2025-10-24 01:49:25
23i2511(1).docx,Backend Developer,KMP,Python; SQL,Django; REST,0.52,0.0009984970092773438,7066,4,2025-10-24 01:49:25
23i2511(1).pdf,Backend Developer,KMP,Python; SQL,Django; REST,0.52,0.0015714168548583984,7090,4,2025-10-24 01:49:26
23i2511.docx,Backend Developer,KMP,Python; SQL,Django; REST,0.52,0.0,7066,4,2025-10-24 01:49:26
23i2511.pdf,Backend Developer,KMP,Python; SQL,Django; REST,0.52,0.001055002212524414,7090,4,2025-10-24 01:49:26
23i2512.docx,Backend Developer,KMP,Python; REST; SQL,Django,0.78,0.0009982585906982422,6671,4,2025-10-24 01:49:26
23i2512.pdf,Backend Developer,KMP,Python; REST; SQL,Django,0.78,0.0,6695,4,2025-10-24 01:49:26
23i2513.docx,Backend Developer,KMP,Python,Django; REST; SQL,0.26,0.0009980201721191406,6268,4,2025-10-24 01:49:26
23i2513.pdf,Backend Developer,KMP,Python,Django; REST; SQL,0.26,0.0,6296,4,2025-10-24 01:49:26
23i2514(1).pdf,Backend Developer,KMP,Python; SQL,Django; REST,0.52,0.0010008811950683594,11599,4,2025-10-24 01:49:26
23i2514(2).pdf,Backend Developer,KMP,Python; SQL,Django; REST,0.52,0.0020902156829833984,11761,4,2025-10-24 01:49:26
23i2514(3).pdf,Backend Developer,KMP,Python; SQL,Django; REST,0.52,0.0019948482513427734,11942,4,2025-10-24 01:49:26
23i2514(4).pdf,Backend Developer,KMP,Python; SQL,Django; REST,0.52,0.0019948482513427734,13117,4,2025-10-24 01:49:26
23i2514.docx,Backend Developer,KMP,Python; SQL,Django; REST,0.52,0.0010137557983398438,11547,4,2025-10-24 01:49:26
23i2514.pdf,Backend Developer,KMP,Python; SQL,Django; REST,0.52,0.002017498016357422,11599,4,2025-10-24 01:49:26
23i2515(1).docx,Backend Developer,KMP,Python; SQL,Django; REST,0.52,0.0,7730,4,2025-10-24 01:49:26
23i2515(1).pdf,Backend Developer,KMP,Python; SQL,Django; REST,0.52,0.0010437965393066406,7778,4,2025-10-24 01:49:27
23i2515(2).docx,Backend Developer,KMP,Python; SQL,Django; REST,0.52,0.0009922981262207031,7734,4,2025-10-24 01:49:27
23i2515(2).pdf,Backend Developer,KMP,Python; SQL,Django; REST,0.52,0.0010225772857666016,7782,4,2025-10-24 01:49:27
23i2515(3).docx,Backend Developer,KMP,Python; SQL,Django; REST,0.52,0.0009975433349609375,7840,4,2025-10-24 01:49:27
23i2515(3).pdf,Backend Developer,KMP,Python; SQL,Django; REST,0.52,0.0009996891021728516,7888,4,2025-10-24 01:49:27
23i2515(4).docx,Backend Developer,KMP,Python; SQL,Django; REST,0.52,0.0009827613830566406,7698,4,2025-10-24 01:49:27
23i2515(4).pdf,Backend Developer,KMP,Python; SQL,Django; REST,0.52,0.0010008811950683594,7746,4,2025-10-24 01:49:27
23i2515.docx,Backend Developer,KMP,Python; SQL,Django; REST,0.52,0.0,7730,4,2025-10-24 01:49:27
23i2515.pdf,Backend Developer,KMP,Python; SQL,Django; REST,0.52,0.0009865760803222656,7778,4,2025-10-24 01:49:27
23i2517.docx,Backend Developer,KMP,Python,Django; REST; SQL,0.26,0.0010218620300292969,7763,4,2025-10-24 01:49:27
23i2517.pdf,Backend Developer,KMP,Python,Django; REST; SQL,0.26,0.0010094642639160156,7763,4,2025-10-24 01:49:27
23i2518(1).docx,Backend Developer,KMP,Python; SQL,Django; REST,0.52,0.001020193099975586,7799,4,2025-10-24 01:49:27
23i2518(1).pdf,Backend Developer,KMP,Python; SQL,Django; REST,0.52,0.001180887222290039,7948,4,2025-10-24 01:49:27
23i2518.docx,Backend Developer,KMP,Python; SQL,Django; REST,0.52,0.0010001659393310547,7799,4,2025-10-24 01:49:27
23i2518.pdf,Backend Developer,KMP,Python; SQL,Django; REST,0.52,0.0,7799,4,2025-10-24 01:49:27
23i2520.docx,Backend Developer,KMP,Python; REST,Django; SQL,0.52,0.0009963512420654297,7553,4,2025-10-24 01:49:27
23i2520.pdf,Backend Developer,KMP,Python; REST,Django; SQL,0.52,0.0010039806365966797,7553,4,2025-10-24 01:49:27
23i2522.docx,Backend Developer,KMP,Python; SQL,Django; REST,0.52,0.0010044574737548828,5385,4,2025-10-24 01:49:27
23i2522.pdf,Backend Developer,KMP,Python; SQL,Django; REST,0.52,0.0,5385,4,2025-10-24 01:49:27
23i2523.docx,Backend Developer,KMP,Python; SQL,Django; REST,0.52,0.0009999275207519531,10536,4,2025-10-24 01:49:27
23i2523.pdf,Backend Developer,KMP,Python; SQL,Django; REST,0.52,0.0010037422180175781,10536,4,2025-10-24 01:49:28
23i2525.docx,Backend Developer,KMP,Python; REST; SQL,Django,0.78,0.0010018348693847656,7569,4,2025-10-24 01:49:28
23i2525.pdf,Backend Developer,KMP,Python; REST; SQL,Django,0.78,0.0010008811950683594,7569,4,2025-10-24 01:49:28
23i2526.docx,Backend Developer,KMP,Python; Django,REST; SQL,0.52,0.0010635852813720703,8335,4,2025-10-24 01:49:28
23i2526.pdf,Backend Developer,KMP,Python; Django,REST; SQL,0.52,0.0010099411010742188,8335,4,2025-10-24 01:49:28
23i2531.docx,Backend Developer,KMP,Python; SQL,Django; REST,0.52,0.000997304916381836,8184,4,2025-10-24 01:49:28
23i2534.docx,Backend Developer,KMP,Python,Django; REST; SQL,0.26,0.0009796619415283203,6082,4,2025-10-24 01:49:28
23i2534.pdf,Backend Developer,KMP,Python,Django; REST; SQL,0.26,0.0010364055633544922,6082,4,2025-10-24 01:49:28
23i2536.docx,Backend Developer,KMP,,Python; Django; REST; SQL,0.0,0.0,5790,4,2025-10-24 01:49:28
23i2536.pdf,Backend Developer,KMP,,Python; Django; REST; SQL,0.0,0.0010724067687988281,5790,4,2025-10-24 01:49:28
23i2537(1).docx,Backend Developer,KMP,Python; SQL,Django; REST,0.52,0.0010008811950683594,7871,4,2025-10-24 01:49:28
23i2537(1).pdf,Backend Developer,KMP,Python; SQL,Django; REST,0.52,0.0010001659393310547,7875,4,2025-10-24 01:49:28
23i2537.docx,Backend Developer,KMP,Python; SQL,Django; REST,0.52,0.0,8039,4,2025-10-24 01:49:28
23i2537.pdf,Backend Developer,KMP,Python; SQL,Django; REST,0.52,0.0010030269622802734,8043,4,2025-10-24 01:49:28
23i2538.docx,Backend Developer,KMP,Python; SQL,Django; REST,0.52,0.0009543895721435547,6312,4,2025-10-24 01:49:28
23i2538.pdf,Backend Developer,KMP,Python; SQL,Django; REST,0.52,0.0,6312,4,2025-10-24 01:49:28
23i2539(1).docx,Backend Developer,KMP,Python,Django; REST; SQL,0.26,0.0010001659393310547,6654,4,2025-10-24 01:49:28
23i2539(1).pdf,Backend Developer,KMP,Python,Django; REST; SQL,0.26,0.0005035400390625,6654,4,2025-10-24 01:49:28
23i2539(2).docx,Backend Developer,KMP,Python,Django; REST; SQL,0.26,0.0,6865,4,2025-10-24 01:49:28
23i2539.docx,Backend Developer,KMP,Python,Django; REST; SQL,0.26,0.0005540847778320312,6671,4,2025-10-24 01:49:28
23i2539.docx.pdf,Backend Developer,KMP,Python,Django; REST; SQL,0.26,0.001001119613647461,6865,4,2025-10-24 01:49:28
23i2539.pdf,Backend Developer,KMP,Python,Django; REST; SQL,0.26,0.0,6671,4,2025-10-24 01:49:28
23i2540(1).docx,Backend Developer,KMP,Python; REST; SQL,Django,0.78,0.0009992122650146484,9626,4,2025-10-24 01:49:28
23i2540.docx,Backend Developer,KMP,Python; REST; SQL,Django,0.78,0.0010006427764892578,9626,4,2025-10-24 01:49:28
23i2540.pdf,Backend Developer,KMP,Python; REST; SQL,Django,0.78,0.00099945068359375,9634,4,2025-10-24 01:49:29
23i2542.docx,Backend Developer,KMP,Python; REST; SQL,Django,0.78,0.0005030632019042969,6891,4,2025-10-24 01:49:29
23i2542.pdf,Backend Developer,KMP,Python; REST; SQL,Django,0.78,0.001001119613647461,6891,4,2025-10-24 01:49:29
23i2543.docx,Backend Developer,KMP,Python; REST; SQL,Django,0.78,0.000985860824584961,7762,4,2025-10-24 01:49:29
23i2543.pdf,Backend Developer,KMP,Python; REST; SQL,Django,0.78,0.0010008811950683594,7790,4,2025-10-24 01:49:29
23i2545(1).docx,Backend Developer,KMP,Python; REST; SQL,Django,0.78,0.0017499923706054688,7470,4,2025-10-24 01:49:29
23i2545(1).pdf,Backend Developer,KMP,Python; REST; SQL,Django,0.78,0.0009684562683105469,7506,4,2025-10-24 01:49:29
23i2545(2).docx,Backend Developer,KMP,Python; REST; SQL,Django,0.78,0.0010044574737548828,7470,4,2025-10-24 01:49:29
23i2545(2).pdf,Backend Developer,KMP,Python; REST; SQL,Django,0.78,0.0010013580322265625,7506,4,2025-10-24 01:49:29
23i2545(3).pdf,Backend Developer,KMP,Python; REST; SQL,Django,0.78,0.0009987354278564453,7506,4,2025-10-24 01:49:29
23i2545.docx,Backend Developer,KMP,Python; REST; SQL,Django,0.78,0.0010008811950683594,7286,4,2025-10-24 01:49:29
23i2545.pdf,Backend Developer,KMP,Python; REST; SQL,Django,0.78,0.0,7286,4,2025-10-24 01:49:29
23i2546(1).docx,Backend Developer,KMP,Python; REST,Django; SQL,0.52,0.0010035037994384766,6583,4,2025-10-24 01:49:29
23i2546(1).pdf,Backend Developer,KMP,Python; REST,Django; SQL,0.52,0.0010867118835449219,6583,4,2025-10-24 01:49:29
23i2546.docx,Backend Developer,KMP,Python; REST,Django; SQL,0.52,0.0,6182,4,2025-10-24 01:49:29
23i2546.pdf,Backend Developer,KMP,Python; REST,Django; SQL,0.52,0.0010001659393310547,6182,4,2025-10-24 01:49:29
23i2548(1).docx,Backend Developer,KMP,Python; REST; SQL,Django,0.78,0.0009999275207519531,9686,4,2025-10-24 01:49:29
23i2548(1).pdf,Backend Developer,KMP,Python; REST; SQL,Django,0.78,0.0010001659393310547,9702,4,2025-10-24 01:49:29
23i2548(2).docx,Backend Developer,KMP,Python; REST; SQL,Django,0.78,0.0010018348693847656,9686,4,2025-10-24 01:49:29
23i2548(2).pdf,Backend Developer,KMP,Python; REST; SQL,Django,0.78,0.0010004043579101562,9702,4,2025-10-24 01:49:29
23i2548(3).docx,Backend Developer,KMP,Python; REST; SQL,Django,0.78,0.001005411148071289,9726,4,2025-10-24 01:49:29
23i2548(3).pdf,Backend Developer,KMP,Python; REST; SQL,Django,0.78,0.001005411148071289,9754,4,2025-10-24 01:49:29
23i2548(4).docx,Backend Developer,KMP,Python; REST; SQL,Django,0.78,0.0010001659393310547,9726,4,2025-10-24 01:49:29
23i2548(4).pdf,Backend Developer,KMP,Python; REST; SQL,Django,0.78,0.00099945068359375,9754,4,2025-10-24 01:49:29
23i2548.docx,Backend Developer,KMP,Python; REST; SQL,Django,0.78,0.0009987354278564453,9720,4,2025-10-24 01:49:29
23i2548.pdf,Backend Developer,KMP,Python; REST; SQL,Django,0.78,0.0009980201721191406,9736,4,2025-10-24 01:49:30
23i2550.pdf,Backend Developer,KMP,Python; SQL,Django; REST,0.52,0.001001119613647461,6610,4,2025-10-24 01:49:30
23i2552.docx,Backend Developer,KMP,Python; REST,Django; SQL,0.52,0.0009999275207519531,10116,4,2025-10-24 01:49:30
23i2552.pdf,Backend Developer,KMP,Python; REST,Django; SQL,0.52,0.0009996891021728516,10164,4,2025-10-24 01:49:30
23i2554.docx,Backend Developer,KMP,Python; SQL,Django; REST,0.52,0.0010004043579101562,7677,4,2025-10-24 01:49:30
23i2554.pdf,Backend Developer,KMP,Python; SQL,Django; REST,0.52,0.0010013580322265625,7705,4,2025-10-24 01:49:30
23i2556.docx,Backend Developer,KMP,Python; SQL,Django; REST,0.52,0.00099945068359375,9118,4,2025-10-24 01:49:30
23i2556.pdf,Backend Developer,KMP,Python; SQL,Django; REST,0.52,0.0009999275207519531,9118,4,2025-10-24 01:49:30
23i2558.docx,Backend Developer,KMP,Python; SQL,Django; REST,0.52,0.0010008811950683594,9537,4,2025-10-24 01:49:30
23i2558.pdf,Backend Developer,KMP,Python; SQL,Django; REST,0.52,0.00099945068359375,9561,4,2025-10-24 01:49:30
23i2561(1).docx,Backend Developer,KMP,Python; Django; SQL,REST,0.78,0.00099945068359375,8465,4,2025-10-24 01:49:30
23i2561(1).pdf,Backend Developer,KMP,Python; Django; SQL,REST,0.78,0.0010116100311279297,8513,4,2025-10-24 01:49:30
23i2561.docx,Backend Developer,KMP,Python; Django; SQL,REST,0.78,0.00099945068359375,8465,4,2025-10-24 01:49:30
23i2561.pdf,Backend Developer,KMP,Python; Django; SQL,REST,0.78,0.0,8513,4,2025-10-24 01:49:30
23i2562.docx,Backend Developer,KMP,Python; REST,Django; SQL,0.52,0.0,9525,4,2025-10-24 01:49:30
23i2562.pdf,Backend Developer,KMP,Python; REST,Django; SQL,0.52,0.0005059242248535156,9525,4,2025-10-24 01:49:30
23i2564.docx,Backend Developer,KMP,Python,Django; REST; SQL,0.26,0.0015044212341308594,8569,4,2025-10-24 01:49:30
23i2564.pdf,Backend Developer,KMP,Python,Django; REST; SQL,0.26,0.0010020732879638672,8569,4,2025-10-24 01:49:31
23i2568.pdf,Backend Developer,KMP,Python,Django; REST; SQL,0.26,0.0,5236,4,2025-10-24 01:49:31
23i2568_Assg_02.pdf,Backend Developer,KMP,Python,Django; REST; SQL,0.26,0.0007011890411376953,5236,4,2025-10-24 01:49:31
23i2571.docx,Backend Developer,KMP,Python; SQL,Django; REST,0.52,0.0009999275207519531,5795,4,2025-10-24 01:49:31
23i2571.pdf,Backend Developer,KMP,Python; SQL,Django; REST,0.52,0.0010008811950683594,5799,4,2025-10-24 01:49:31
23i2572(1).docx,Backend Developer,KMP,Python; SQL,Django; REST,0.52,0.0019991397857666016,9391,4,2025-10-24 01:49:31
23i2572(1).pdf,Backend Developer,KMP,Python; SQL,Django; REST,0.52,0.001977205276489258,9455,4,2025-10-24 01:49:31
23i2572.docx,Backend Developer,KMP,Python; SQL,Django; REST,0.52,0.0009965896606445312,9383,4,2025-10-24 01:49:31
23i2572.pdf,Backend Developer,KMP,Python; SQL,Django; REST,0.52,0.0019845962524414062,9447,4,2025-10-24 01:49:31
23i2573.docx,Backend Developer,KMP,Python; Django; SQL,REST,0.78,0.0010001659393310547,8477,4,2025-10-24 01:49:31
23i2573.pdf,Backend Developer,KMP,Python; Django; SQL,REST,0.78,0.0009992122650146484,8513,4,2025-10-24 01:49:31
23i2574.docx,Backend Developer,KMP,Python; REST,Django; SQL,0.52,0.0010085105895996094,5085,4,2025-10-24 01:49:31
23i2574.pdf,Backend Developer,KMP,Python; REST,Django; SQL,0.52,0.0,4378,4,2025-10-24 01:49:31
23i2575.docx,Backend Developer,KMP,Python; SQL,Django; REST,0.52,0.0010001659393310547,7772,4,2025-10-24 01:49:31
23i2575.pdf,Backend Developer,KMP,Python; SQL,Django; REST,0.52,0.0,7772,4,2025-10-24 01:49:31
23i2577.docx,Backend Developer,KMP,Python; REST; SQL,Django,0.78,0.0009996891021728516,8865,4,2025-10-24 01:49:31
23i2577.pdf,Backend Developer,KMP,Python; REST; SQL,Django,0.78,0.0015060901641845703,9690,4,2025-10-24 01:49:31
23i2578.docx,Backend Developer,KMP,Python; SQL,Django; REST,0.52,0.0,5477,4,2025-10-24 01:49:31
23i2578.pdf,Backend Developer,KMP,Python; SQL,Django; REST,0.52,0.0,5477,4,2025-10-24 01:49:31
23i2579(1).docx,Backend Developer,KMP,Python; SQL,Django; REST,0.52,0.000997781753540039,9387,4,2025-10-24 01:49:31
23i2579(1).pdf,Backend Developer,KMP,Python; SQL,Django; REST,0.52,0.0010008811950683594,9423,4,2025-10-24 01:49:31
23i2579(2).docx,Backend Developer,KMP,Python; SQL,Django; REST,0.52,0.0009996891021728516,8816,4,2025-10-24 01:49:31
23i2579(2).pdf,Backend Developer,KMP,Python; SQL,Django; REST,0.52,0.001999378204345703,8852,4,2025-10-24 01:49:31
23i2579.docx,Backend Developer,KMP,Python; SQL,Django; REST,0.52,0.0009996891021728516,9379,4,2025-10-24 01:49:31
23i2579.pdf,Backend Developer,KMP,Python; SQL,Django; REST,0.52,0.0009996891021728516,9415,4,2025-10-24 01:49:32
23i2582(1).docx,Backend Developer,KMP,Python; REST; SQL,Django,0.78,0.0009992122650146484,12874,4,2025-10-24 01:49:32
23i2582(1).pdf,Backend Developer,KMP,Python; REST; SQL,Django,0.78,0.0011785030364990234,12874,4,2025-10-24 01:49:32
23i2582(2).docx,Backend Developer,KMP,Python; REST; SQL,Django,0.78,0.0009982585906982422,12879,4,2025-10-24 01:49:32
23i2582(2).pdf,Backend Developer,KMP,Python; REST; SQL,Django,0.78,0.002000093460083008,12879,4,2025-10-24 01:49:32
23i2582.docx,Backend Developer,KMP,Python; REST; SQL,Django,0.78,0.0009992122650146484,12207,4,2025-10-24 01:49:32
23i2582.pdf,Backend Developer,KMP,Python; REST; SQL,Django,0.78,0.0019991397857666016,12207,4,2025-10-24 01:49:32
23i2583(1).docx,Backend Developer,KMP,Python; REST; SQL,Django,0.78,0.0010066032409667969,6695,4,2025-10-24 01:49:32
23i2583.docx,Backend Developer,KMP,Python; REST; SQL,Django,0.78,0.0,6695,4,2025-10-24 01:49:32
23i2583.pdf,Backend Developer,KMP,Python; REST; SQL,Django,0.78,0.00099945068359375,6695,4,2025-10-24 01:49:32
23i2584.docx,Backend Developer,KMP,Python; SQL,Django; REST,0.52,0.00099945068359375,5987,4,2025-10-24 01:49:32
23i2584.pdf,Backend Developer,KMP,Python; SQL,Django; REST,0.52,0.0,5987,4,2025-10-24 01:49:32
23i2585(1).docx,Backend Developer,KMP,Python; SQL,Django; REST,0.52,0.0009834766387939453,9530,4,2025-10-24 01:49:32
23i2585(1).pdf,Backend Developer,KMP,Python; SQL,Django; REST,0.52,0.0010304450988769531,9530,4,2025-10-24 01:49:32
23i2585.docx,Backend Developer,KMP,Python; SQL,Django; REST,0.52,0.0009872913360595703,9842,4,2025-10-24 01:49:32
23i2585.pdf,Backend Developer,KMP,Python; SQL,Django; REST,0.52,0.000997781753540039,9842,4,2025-10-24 01:49:32
23i2586.docx,Backend Developer,KMP,Python; REST; SQL,Django,0.78,0.0009992122650146484,7617,4,2025-10-24 01:49:32
23i2586.pdf,Backend Developer,KMP,Python; REST; SQL,Django,0.78,0.0,7625,4,2025-10-24 01:49:32
23i2587.docx,Backend Developer,KMP,Python; SQL,Django; REST,0.52,0.0010042190551757812,8767,4,2025-10-24 01:49:32
23i2587.pdf,Backend Developer,KMP,Python; SQL,Django; REST,0.52,0.0009999275207519531,8803,4,2025-10-24 01:49:32
23i2588.docx,Backend Developer,KMP,Python; SQL,Django; REST,0.52,0.0009849071502685547,6081,4,2025-10-24 01:49:32
23i2588.pdf,Backend Developer,KMP,Python; SQL,Django; REST,0.52,0.0010008811950683594,6081,4,2025-10-24 01:49:32
23i2589(1).docx,Backend Developer,KMP,SQL,Python; Django; REST,0.26,0.0,6889,4,2025-10-24 01:49:32
23i2589(1).pdf,Backend Developer,KMP,SQL,Python; Django; REST,0.26,0.0010137557983398438,6913,4,2025-10-24 01:49:33
23i2589.docx,Backend Developer,KMP,SQL,Python; Django; REST,0.26,0.0010006427764892578,6823,4,2025-10-24 01:49:33
23i2589.pdf,Backend Developer,KMP,SQL,Python; Django; REST,0.26,0.0009970664978027344,6847,4,2025-10-24 01:49:33
23i2590.docx,Backend Developer,KMP,Python,Django; REST; SQL,0.26,0.0,8488,4,2025-10-24 01:49:33
23i2590.pdf,Backend Developer,KMP,Python,Django; REST; SQL,0.26,0.00099945068359375,8487,4,2025-10-24 01:49:33
23i2591(1).docx,Backend Developer,KMP,Python; SQL,Django; REST,0.52,0.001003265380859375,7538,4,2025-10-24 01:49:33
23i2591(1).pdf,Backend Developer,KMP,Python; SQL,Django; REST,0.52,0.001001596450805664,7562,4,2025-10-24 01:49:33
23i2591.docx,Backend Developer,KMP,Python; SQL,Django; REST,0.52,0.00099945068359375,7542,4,2025-10-24 01:49:33
23i2591.pdf,Backend Developer,KMP,Python; SQL,Django; REST,0.52,0.0009996891021728516,7566,4,2025-10-24 01:49:33
23i2592.pdf,Backend Developer,KMP,Python; SQL,Django; REST,0.52,0.0010042190551757812,6547,4,2025-10-24 01:49:33
23i2594.docx,Backend Developer,KMP,Python,Django; REST; SQL,0.26,0.0009989738464355469,6757,4,2025-10-24 01:49:33
23i2594.pdf,Backend Developer,KMP,Python,Django; REST; SQL,0.26,0.001001119613647461,6757,4,2025-10-24 01:49:33
23i2596(1).pdf,Backend Developer,KMP,Python; SQL,Django; REST,0.52,0.0010046958923339844,8907,4,2025-10-24 01:49:33
23i2596(2).pdf,Backend Developer,KMP,Python; SQL,Django; REST,0.52,0.0,8907,4,2025-10-24 01:49:33
23i2596.docx,Backend Developer,KMP,Python; SQL,Django; REST,0.52,0.0009992122650146484,8894,4,2025-10-24 01:49:33
23i2596.pdf,Backend Developer,KMP,Python; SQL,Django; REST,0.52,0.0010001659393310547,8907,4,2025-10-24 01:49:33
23i2597.docx,Backend Developer,KMP,Python; SQL,Django; REST,0.52,0.0,7816,4,2025-10-24 01:49:33
23i2597.pdf,Backend Developer,KMP,Python; SQL,Django; REST,0.52,0.001001119613647461,7816,4,2025-10-24 01:49:33
23i2599.docx,Backend Developer,KMP,Python,Django; REST; SQL,0.26,0.0010004043579101562,7058,4,2025-10-24 01:49:33
23i2599.pdf,Backend Developer,KMP,Python,Django; REST; SQL,0.26,0.0009982585906982422,7082,4,2025-10-24 01:49:33
23i2603.docx,Backend Developer,KMP,Python; REST; SQL,Django,0.78,0.0009992122650146484,6535,4,2025-10-24 01:49:33
23i2603.pdf,Backend Developer,KMP,Python; REST; SQL,Django,0.78,0.0,6559,4,2025-10-24 01:49:34
23i2605(1).docx,Backend Developer,KMP,Python; SQL,Django; REST,0.52,0.0009996891021728516,11431,4,2025-10-24 01:49:34
23i2605(1).pdf,Backend Developer,KMP,Python; SQL,Django; REST,0.52,0.001058816909790039,11431,4,2025-10-24 01:49:34
23i2605.docx,Backend Developer,KMP,Python; SQL,Django; REST,0.52,0.002000093460083008,10228,4,2025-10-24 01:49:34
23i2605.pdf,Backend Developer,KMP,Python; SQL,Django; REST,0.52,0.001010894775390625,10228,4,2025-10-24 01:49:34
23i2606.docx,Backend Developer,KMP,Python; Django; REST; SQL,,1.0,0.0009989738464355469,6108,4,2025-10-24 01:49:34
23i2606.pdf,Backend Developer,KMP,Python; Django; REST; SQL,,1.0,0.0,6120,4,2025-10-24 01:49:34
23i2607.docx,Backend Developer,KMP,Python; SQL,Django; REST,0.52,0.0009992122650146484,4524,4,2025-10-24 01:49:34
23i2607.pdf,Backend Developer,KMP,Python; SQL,Django; REST,0.52,0.0,4528,4,2025-10-24 01:49:34
23i2608(1).pdf,Backend Developer,KMP,Python; REST; SQL,Django,0.78,0.0010001659393310547,9047,4,2025-10-24 01:49:34
23i2608(2).docx,Backend Developer,KMP,Python; REST; SQL,Django,0.78,0.0017693042755126953,9047,4,2025-10-24 01:49:34
23i2608.docx,Backend Developer,KMP,Python; REST; SQL,Django,0.78,0.0010027885437011719,9047,4,2025-10-24 01:49:34
23i2609.docx,Backend Developer,KMP,Python; SQL,Django; REST,0.52,0.0009636878967285156,4993,4,2025-10-24 01:49:34
23i2609.pdf,Backend Developer,KMP,Python; SQL,Django; REST,0.52,0.0,4993,4,2025-10-24 01:49:34
23i2610(1).docx,Backend Developer,KMP,Python; REST; SQL,Django,0.78,0.0009992122650146484,9207,4,2025-10-24 01:49:34
23i2610(1).pdf,Backend Developer,KMP,Python; REST; SQL,Django,0.78,0.0010018348693847656,9207,4,2025-10-24 01:49:34
23i2610(2).docx,Backend Developer,KMP,Python; REST; SQL,Django,0.78,0.0009586811065673828,9199,4,2025-10-24 01:49:34
23i2610(2).pdf,Backend Developer,KMP,Python; REST; SQL,Django,0.78,0.0009348392486572266,9199,4,2025-10-24 01:49:34
23i2610.docx,Backend Developer,KMP,Python; REST; SQL,Django,0.78,0.0010004043579101562,8524,4,2025-10-24 01:49:34
23i2610.pdf,Backend Developer,KMP,Python; REST; SQL,Django,0.78,0.0010006427764892578,8524,4,2025-10-24 01:49:34
23i2614.docx,Backend Developer,KMP,Python; SQL,Django; REST,0.52,0.0,5724,4,2025-10-24 01:49:34
23i2614.pdf,Backend Developer,KMP,Python; SQL,Django; REST,0.52,0.0010006427764892578,5748,4,2025-10-24 01:49:34
23i2615.docx,Backend Developer,KMP,Python; SQL,Django; REST,0.52,0.0,5854,4,2025-10-24 01:49:34
23i2615.pdf,Backend Developer,KMP,Python; SQL,Django; REST,0.52,0.0,5854,4,2025-10-24 01:49:35
23i2616.docx,Backend Developer,KMP,Python; SQL,Django; REST,0.52,0.0010120868682861328,3797,4,2025-10-24 01:49:35
23i2616.pdf,Backend Developer,KMP,Python; SQL,Django; REST,0.52,0.0006084442138671875,3797,4,2025-10-24 01:49:35
23i2618(1).docx,Backend Developer,KMP,Python; SQL,Django; REST,0.52,0.001001596450805664,10097,4,2025-10-24 01:49:35
23i2618(1).pdf,Backend Developer,KMP,Python; SQL,Django; REST,0.52,0.0010013580322265625,10145,4,2025-10-24 01:49:35
23i2618.docx,Backend Developer,KMP,Python,Django; REST; SQL,0.26,0.0009598731994628906,8930,4,2025-10-24 01:49:35
23i2618.pdf,Backend Developer,KMP,Python,Django; REST; SQL,0.26,0.0010004043579101562,8970,4,2025-10-24 01:49:35
23i2619.docx,Backend Developer,KMP,Python; Django; SQL,REST,0.78,0.002151966094970703,9592,4,2025-10-24 01:49:35
23i2619.pdf,Backend Developer,KMP,Python; Django; SQL,REST,0.78,0.0010001659393310547,9616,4,2025-10-24 01:49:35
23i2621(1).docx,Backend Developer,KMP,Python; REST; SQL,Django,0.78,0.0010001659393310547,9663,4,2025-10-24 01:49:35
23i2621(1).pdf,Backend Developer,KMP,Python; REST; SQL,Django,0.78,0.001001119613647461,9711,4,2025-10-24 01:49:35
23i2621.docx,Backend Developer,KMP,Python; REST; SQL,Django,0.78,0.0010006427764892578,9700,4,2025-10-24 01:49:35
23i2621.pdf,Backend Developer,KMP,Python; REST; SQL,Django,0.78,0.002007007598876953,9748,4,2025-10-24 01:49:35
23i2622(1).docx,Backend Developer,KMP,Python; SQL,Django; REST,0.52,0.0009999275207519531,12366,4,2025-10-24 01:49:35
23i2622(1).pdf,Backend Developer,KMP,Python; SQL,Django; REST,0.52,0.00099945068359375,12462,4,2025-10-24 01:49:35
23i2622.docx,Backend Developer,KMP,Python; SQL,Django; REST,0.52,0.0009992122650146484,12165,4,2025-10-24 01:49:35
23i2622.pdf,Backend Developer,KMP,Python; SQL,Django; REST,0.52,0.0009996891021728516,12261,4,2025-10-24 01:49:35
23i2623.docx,Backend Developer,KMP,Python; SQL,Django; REST,0.52,0.000997781753540039,8415,4,2025-10-24 01:49:35
23i2623.pdf,Backend Developer,KMP,Python; SQL,Django; REST,0.52,0.0016050338745117188,8415,4,2025-10-24 01:49:36
23i2625.docx,Backend Developer,KMP,Python; SQL,Django; REST,0.52,0.0010058879852294922,7569,4,2025-10-24 01:49:36
23i2625.pdf,Backend Developer,KMP,Python; SQL,Django; REST,0.52,0.0011019706726074219,7569,4,2025-10-24 01:49:36
23i2628(1).docx,Backend Developer,KMP,Python; SQL,Django; REST,0.52,0.00099945068359375,7275,4,2025-10-24 01:49:36
23i2628(1).pdf,Backend Developer,KMP,Python; SQL,Django; REST,0.52,0.0,7287,4,2025-10-24 01:49:36
23i2628.docx,Backend Developer,KMP,Python; SQL,Django; REST,0.52,0.0,6780,4,2025-10-24 01:49:36
23i2628.pdf,Backend Developer,KMP,Python; SQL,Django; REST,0.52,0.0,6804,4,2025-10-24 01:49:36
23i2630.docx,Backend Developer,KMP,Python; SQL,Django; REST,0.52,0.0009999275207519531,4608,4,2025-10-24 01:49:36
23i2630.pdf,Backend Developer,KMP,Python; SQL,Django; REST,0.52,0.0,5059,4,2025-10-24 01:49:36
23i2631.docx,Backend Developer,KMP,Python; SQL,Django; REST,0.52,0.0,8933,4,2025-10-24 01:49:36
23i2631.pdf,Backend Developer,KMP,Python; SQL,Django; REST,0.52,0.000997781753540039,8933,4,2025-10-24 01:49:36
23i2634.docx,Backend Developer,KMP,Python; SQL,Django; REST,0.52,0.0009996891021728516,5627,4,2025-10-24 01:49:36
23i2634.pdf,Backend Developer,KMP,Python; SQL,Django; REST,0.52,0.0,5651,4,2025-10-24 01:49:36
23i2637.pdf,Backend Developer,KMP,Python; SQL,Django; REST,0.52,0.0009996891021728516,10294,4,2025-10-24 01:49:36
23i2641.docx,Backend Developer,KMP,Python; SQL,Django; REST,0.52,0.001001596450805664,7055,4,2025-10-24 01:49:36
23i2641.pdf,Backend Developer,KMP,Python; SQL,Django; REST,0.52,0.0,7079,4,2025-10-24 01:49:36
23i2643.docx,Backend Developer,KMP,Python; SQL,Django; REST,0.52,0.0009989738464355469,8608,4,2025-10-24 01:49:36
23i2643.pdf,Backend Developer,KMP,Python; SQL,Django; REST,0.52,0.0,8632,4,2025-10-24 01:49:36
23i2644.docx,Backend Developer,KMP,Python; REST; SQL,Django,0.78,0.0010373592376708984,5180,4,2025-10-24 01:49:36
23i2644.pdf,Backend Developer,KMP,Python; REST; SQL,Django,0.78,0.0010175704956054688,5184,4,2025-10-24 01:49:36
23i2647(1).docx,Backend Developer,KMP,Python; SQL,Django; REST,0.52,0.0,4554,4,2025-10-24 01:49:36
23i2647(1).pdf,Backend Developer,KMP,Python; SQL,Django; REST,0.52,0.0,4566,4,2025-10-24 01:49:36
23i2647.docx,Backend Developer,KMP,Python; SQL,Django; REST,0.52,0.00099945068359375,4554,4,2025-10-24 01:49:37
23i2647.pdf,Backend Developer,KMP,Python; SQL,Django; REST,0.52,0.0009996891021728516,4566,4,2025-10-24 01:49:37
23i2648.docx,Backend Developer,KMP,Python; SQL,Django; REST,0.52,0.0009996891021728516,5872,4,2025-10-24 01:49:37
23i2648.pdf,Backend Developer,KMP,Python; SQL,Django; REST,0.52,0.0010035037994384766,5872,4,2025-10-24 01:49:37
23i2649(1).docx,Backend Developer,KMP,Python; REST; SQL,Django,0.78,0.0009999275207519531,8606,4,2025-10-24 01:49:37
23i2649(1).pdf,Backend Developer,KMP,Python; REST; SQL,Django,0.78,0.0,8606,4,2025-10-24 01:49:37
23i2649(2).docx,Backend Developer,KMP,Python; REST; SQL,Django,0.78,0.001996278762817383,8606,4,2025-10-24 01:49:37
23i2649(2).pdf,Backend Developer,KMP,Python; REST; SQL,Django,0.78,0.000972747802734375,8606,4,2025-10-24 01:49:37
23i2649.docx,Backend Developer,KMP,Python; REST; SQL,Django,0.78,0.0010132789611816406,8606,4,2025-10-24 01:49:37
23i2649.pdf,Backend Developer,KMP,Python; REST; SQL,Django,0.78,0.0010089874267578125,8606,4,2025-10-24 01:49:37
23i2651(1).docx,Backend Developer,KMP,Python; REST,Django; SQL,0.52,0.0009996891021728516,8114,4,2025-10-24 01:49:37
23i2651(1).pdf,Backend Developer,KMP,Python; REST,Django; SQL,0.52,0.0009839534759521484,8190,4,2025-10-24 01:49:37
23i2651.docx,Backend Developer,KMP,Python; REST,Django; SQL,0.52,0.00099945068359375,8118,4,2025-10-24 01:49:37
23i2651.pdf,Backend Developer,KMP,Python; REST,Django; SQL,0.52,0.001005411148071289,8194,4,2025-10-24 01:49:37
23i2652(1).docx,Backend Developer,KMP,Python; SQL,Django; REST,0.52,0.0009860992431640625,6654,4,2025-10-24 01:49:37
23i2652(1).pdf,Backend Developer,KMP,Python; SQL,Django; REST,0.52,0.0,6654,4,2025-10-24 01:49:37
23i2652.docx,Backend Developer,KMP,Python; SQL,Django; REST,0.52,0.000982046127319336,6654,4,2025-10-24 01:49:37
23i2652.pdf,Backend Developer,KMP,Python; SQL,Django; REST,0.52,0.0009996891021728516,6654,4,2025-10-24 01:49:37
23i2654.docx,Backend Developer,KMP,Python; SQL,Django; REST,0.52,0.0,8113,4,2025-10-24 01:49:37
23i2654.pdf,Backend Developer,KMP,Python; SQL,Django; REST,0.52,0.0010006427764892578,8137,4,2025-10-24 01:49:38
23i2655.docx,Backend Developer,KMP,Python; SQL,Django; REST,0.52,0.0,7588,4,2025-10-24 01:49:38
23i2655.pdf,Backend Developer,KMP,Python; SQL,Django; REST,0.52,0.0010006427764892578,8231,4,2025-10-24 01:49:38
23i2656.docx,Backend Developer,KMP,Python; SQL,Django; REST,0.52,0.0010218620300292969,5177,4,2025-10-24 01:49:38
23i2656.pdf,Backend Developer,KMP,Python; SQL,Django; REST,0.52,0.0009999275207519531,5177,4,2025-10-24 01:49:38
23i3022.docx,Backend Developer,KMP,Python; SQL,Django; REST,0.52,0.0009992122650146484,10979,4,2025-10-24 01:49:38
23i3022.pdf,Backend Developer,KMP,Python; SQL,Django; REST,0.52,0.0010006427764892578,10979,4,2025-10-24 01:49:38
23i3082(1).docx,Backend Developer,KMP,Python; REST; SQL,Django,0.78,0.0009996891021728516,7593,4,2025-10-24 01:49:38
23i3082(1).pdf,Backend Developer,KMP,Python; REST; SQL,Django,0.78,0.0010716915130615234,7593,4,2025-10-24 01:49:38
23i3082.docx,Backend Developer,KMP,Python; REST; SQL,Django,0.78,0.0011036396026611328,7665,4,2025-10-24 01:49:38
23i3082.pdf,Backend Developer,KMP,Python; REST; SQL,Django,0.78,0.0010051727294921875,7665,4,2025-10-24 01:49:38
23i3250 .docx,Backend Developer,KMP,Python; SQL,Django; REST,0.52,0.0009996891021728516,6593,4,2025-10-24 01:49:38
23i3250 .pdf,Backend Developer,KMP,Python; SQL,Django; REST,0.52,0.0,6609,4,2025-10-24 01:49:38
23i3250.docx,Backend Developer,KMP,Python; SQL,Django; REST,0.52,0.0009996891021728516,6576,4,2025-10-24 01:49:38
23i3250.pdf,Backend Developer,KMP,Python; SQL,Django; REST,0.52,0.0010004043579101562,6592,4,2025-10-24 01:49:38
23i5032(1).docx,Backend Developer,KMP,Python; REST; SQL,Django,0.78,0.0009884834289550781,8097,4,2025-10-24 01:49:38
23i5032(1).pdf,Backend Developer,KMP,Python; REST; SQL,Django,0.78,0.0010089874267578125,8121,4,2025-10-24 01:49:38
23i5032.docx,Backend Developer,KMP,Python; REST; SQL,Django,0.78,0.0010571479797363281,8133,4,2025-10-24 01:49:38
23i5032.pdf,Backend Developer,KMP,Python; REST; SQL,Django,0.78,0.0010008811950683594,8157,4,2025-10-24 01:49:38
23i5055(1).pdf,Backend Developer,KMP,Python,Django; REST; SQL,0.26,0.0009772777557373047,5374,4,2025-10-24 01:49:38
23i5055(2).pdf,Backend Developer,KMP,Python,Django; REST; SQL,0.26,0.0010004043579101562,5378,4,2025-10-24 01:49:38
23i5055.docx,Backend Developer,KMP,Python,Django; REST; SQL,0.26,0.0,5296,4,2025-10-24 01:49:38
23i5055.pdf,Backend Developer,KMP,Python,Django; REST; SQL,0.26,0.0,5328,4,2025-10-24 01:49:38
23i6004.docx,Backend Developer,KMP,Python; SQL,Django; REST,0.52,0.000946044921875,5366,4,2025-10-24 01:49:38
23i6004.pdf,Backend Developer,KMP,Python; SQL,Django; REST,0.52,0.0,5390,4,2025-10-24 01:49:38
23i6050.docx,Backend Developer,KMP,Python; SQL,Django; REST,0.52,0.0,7570,4,2025-10-24 01:49:38
23i6050.pdf,Backend Developer,KMP,Python; SQL,Django; REST,0.52,0.0010025501251220703,7520,4,2025-10-24 01:49:38
23i6102.docx,Backend Developer,KMP,Python; Django,REST; SQL,0.52,0.0010075569152832031,8346,4,2025-10-24 01:49:38
23i6102.pdf,Backend Developer,KMP,Python; Django,REST; SQL,0.52,0.0,8346,4,2025-10-24 01:49:39
23i6186.docx,Backend Developer,KMP,Python,Django; REST; SQL,0.26,0.0009963512420654297,8641,4,2025-10-24 01:49:39
23i6186.pdf,Backend Developer,KMP,Python,Django; REST; SQL,0.26,0.0010313987731933594,8641,4,2025-10-24 01:49:39
23i_2624.docx,Backend Developer,KMP,Python; REST; SQL,Django,0.78,0.00099945068359375,6161,4,2025-10-24 01:49:39
23i_2624.pdf,Backend Developer,KMP,Python; REST; SQL,Django,0.78,0.0010008811950683594,5526,4,2025-10-24 01:49:39
23l2549(2).docx,Backend Developer,KMP,Python; REST,Django; SQL,0.52,0.0,5779,4,2025-10-24 01:49:39
23l2549.pdf,Backend Developer,KMP,Python; REST,Django; SQL,0.52,0.0,5779,4,2025-10-24 01:49:39
AI System in Tourism (1).docx,Backend Developer,KMP,,Python; Django; REST; SQL,0.0,0.0,2518,4,2025-10-24 01:49:39
Ahmed_Izaan_CV.docx,Backend Developer,KMP,Python; SQL,Django; REST,0.52,0.0015158653259277344,4816,4,2025-10-24 01:49:39
Ahmed_Izaan_CV.pdf,Backend Developer,KMP,Python; SQL,Django; REST,0.52,0.001001596450805664,4828,4,2025-10-24 01:49:39
I220466_AsherAhmed.docx,Backend Developer,KMP,Python; REST; SQL,Django,0.78,0.0010018348693847656,8274,4,2025-10-24 01:49:39
I220466_AsherAhmed.pdf,Backend Developer,KMP,Python; REST; SQL,Django,0.78,0.0010004043579101562,8274,4,2025-10-24 01:49:39
MuhammadSaadResume.docx,Backend Developer,KMP,Python; REST; SQL,Django,0.78,0.001999378204345703,12997,4,2025-10-24 01:49:39
MuhammadSaadResume.pdf,Backend Developer,KMP,Python; REST; SQL,Django,0.78,0.002003908157348633,14380,4,2025-10-24 01:49:39
Resume (1).pdf,Backend Developer,KMP,Python; REST,Django; SQL,0.52,0.0009980201721191406,11319,4,2025-10-24 01:49:39
Resume (2).docx,Backend Developer,KMP,Python; REST; SQL,Django,0.78,0.0009996891021728516,8138,4,2025-10-24 01:49:39
Resume.docx,Backend Developer,KMP,Python; REST,Django; SQL,0.52,0.0009999275207519531,11339,4,2025-10-24 01:49:39
_23i0102.docx,Backend Developer,KMP,Python; REST; SQL,Django,0.78,0.0,7196,4,2025-10-24 01:49:39
_23i0102.pdf,Backend Developer,KMP,Python; REST; SQL,Django,0.78,0.001001119613647461,7220,4,2025-10-24 01:49:39
_23i0117.docx,Backend Developer,KMP,Python; REST,Django; SQL,0.52,0.0009992122650146484,9827,4,2025-10-24 01:49:39
_23i0117.pdf,Backend Developer,KMP,Python; REST,Django; SQL,0.52,0.00099945068359375,9851,4,2025-10-24 01:49:40
cv-pdf.pdf,Backend Developer,KMP,Python; SQL,Django; REST,0.52,0.0018391609191894531,9516,4,2025-10-24 01:49:40
cv-word docx-assignment-2.docx,Backend Developer,KMP,Python; SQL,Django; REST,0.52,0.0009796619415283203,9552,4,2025-10-24 01:49:40
i212721.docx,Backend Developer,KMP,Python; SQL,Django; REST,0.52,0.0010004043579101562,6012,4,2025-10-24 01:49:40
i212721.pdf,Backend Developer,KMP,Python; REST,Django; SQL,0.52,0.0,8864,4,2025-10-24 01:49:40
i22-0607-docx(1).docx,Backend Developer,KMP,Python; SQL,Django; REST,0.52,0.0,9552,4,2025-10-24 01:49:40
i22-0607-docx.docx,Backend Developer,KMP,Python; SQL,Django; REST,0.52,0.0009999275207519531,9552,4,2025-10-24 01:49:40
i22-0607.docx,Backend Developer,KMP,Python; SQL,Django; REST,0.52,0.0010013580322265625,9552,4,2025-10-24 01:49:40
i220455.docx,Backend Developer,KMP,Python; REST; SQL,Django,0.78,0.0013363361358642578,8807,4,2025-10-24 01:49:40
i220455.pdf,Backend Developer,KMP,Python; REST; SQL,Django,0.78,0.0,8807,4,2025-10-24 01:49:40
i220483 (2).pdf,Backend Developer,KMP,Python; SQL,Django; REST,0.52,0.0,8408,4,2025-10-24 01:49:40
i220483.docx,Backend Developer,KMP,Python; SQL,Django; REST,0.52,0.0010004043579101562,8384,4,2025-10-24 01:49:40
i220532.docx,Backend Developer,KMP,Python; SQL,Django; REST,0.52,0.0010020732879638672,6703,4,2025-10-24 01:49:40
i220532.pdf,Backend Developer,KMP,Python; SQL,Django; REST,0.52,0.0,6739,4,2025-10-24 01:49:40
i220543.docx,Backend Developer,KMP,Python; REST,Django; SQL,0.52,0.0010006427764892578,10988,4,2025-10-24 01:49:40
i220543.pdf,Backend Developer,KMP,Python; REST,Django; SQL,0.52,0.0010364055633544922,10988,4,2025-10-24 01:49:40
i220547(1).docx,Backend Developer,KMP,Python; SQL,Django; REST,0.52,0.0010006427764892578,8153,4,2025-10-24 01:49:40
i220547.docx,Backend Developer,KMP,Python; SQL,Django; REST,0.52,0.0010006427764892578,8153,4,2025-10-24 01:49:40
i220547.pdf,Backend Developer,KMP,Python; SQL,Django; REST,0.52,0.0005786418914794922,8153,4,2025-10-24 01:49:40
i220597.docx,Backend Developer,KMP,Python; SQL,Django; REST,0.52,0.0009815692901611328,6813,4,2025-10-24 01:49:40
i220597.pdf,Backend Developer,KMP,Python; SQL,Django; REST,0.52,0.0,6813,4,2025-10-24 01:49:40
i220607-pdf.pdf,Backend Developer,KMP,Python; SQL,Django; REST,0.52,0.0010082721710205078,9516,4,2025-10-24 01:49:40
i220607.pdf,Backend Developer,KMP,Python; SQL,Django; REST,0.52,0.0009999275207519531,9516,4,2025-10-24 01:49:40
i220613.docx,Backend Developer,KMP,Python; SQL,Django; REST,0.52,0.0,5250,4,2025-10-24 01:49:40
i220613.pdf,Backend Developer,KMP,Python; SQL,Django; REST,0.52,0.0005443096160888672,5278,4,2025-10-24 01:49:40
i221380.docx,Backend Developer,KMP,Python; SQL,Django; REST,0.52,0.0009999275207519531,8337,4,2025-10-24 01:49:40
i221380.pdf,Backend Developer,KMP,Python; SQL,Django; REST,0.52,0.0006520748138427734,8341,4,2025-10-24 01:49:41
i221415 .docx,Backend Developer,KMP,Python,Django; REST; SQL,0.26,0.0,7345,4,2025-10-24 01:49:41
i221415.pdf,Backend Developer,KMP,Python,Django; REST; SQL,0.26,0.0009145736694335938,7345,4,2025-10-24 01:49:41
i221927.docx,Backend Developer,KMP,Python; REST; SQL,Django,0.78,0.0010008811950683594,6665,4,2025-10-24 01:49:41
i221927.pdf,Backend Developer,KMP,Python; REST; SQL,Django,0.78,0.0,6665,4,2025-10-24 01:49:41
i230033.docx,Backend Developer,KMP,Python; SQL,Django; REST,0.52,0.0,8508,4,2025-10-24 01:49:41
i230033.pdf,Backend Developer,KMP,Python; SQL,Django; REST,0.52,0.0009996891021728516,8508,4,2025-10-24 01:49:41
i230083.docx,Backend Developer,KMP,Python; REST; SQL,Django,0.78,0.0010132789611816406,9595,4,2025-10-24 01:49:41
i230083.pdf,Backend Developer,KMP,Python; REST; SQL,Django,0.78,0.0010561943054199219,9599,4,2025-10-24 01:49:41
i230109.docx,Backend Developer,KMP,Python; REST,Django; SQL,0.52,0.0010023117065429688,8190,4,2025-10-24 01:49:41
i230109.pdf,Backend Developer,KMP,Python; REST,Django; SQL,0.52,0.0010001659393310547,8238,4,2025-10-24 01:49:41
i230119.docx,Backend Developer,KMP,Python; REST,Django; SQL,0.52,0.0015094280242919922,8076,4,2025-10-24 01:49:41
i230119.pdf,Backend Developer,KMP,Python; REST,Django; SQL,0.52,0.0010013580322265625,8076,4,2025-10-24 01:49:41
i230141.docx,Backend Developer,KMP,Python; REST; SQL,Django,0.78,0.0,9417,4,2025-10-24 01:49:41
i230141.pdf,Backend Developer,KMP,Python; REST; SQL,Django,0.78,0.001001596450805664,9429,4,2025-10-24 01:49:41
i232024.docx,Backend Developer,KMP,Python; REST,Django; SQL,0.52,0.0009503364562988281,6030,4,2025-10-24 01:49:41
i232024.pdf,Backend Developer,KMP,Python; REST,Django; SQL,0.52,0.0,6317,4,2025-10-24 01:49:41
i232065_CV.docx,Backend Developer,KMP,Python; SQL,Django; REST,0.52,0.0009996891021728516,6619,4,2025-10-24 01:49:41
i232065_CV.pdf,Backend Developer,KMP,Python; SQL,Django; REST,0.52,0.0009984970092773438,6619,4,2025-10-24 01:49:41
i232507.docx,Backend Developer,KMP,Python; SQL,Django; REST,0.52,0.0011034011840820312,9506,4,2025-10-24 01:49:41
i232507.pdf,Backend Developer,KMP,Python; SQL,Django; REST,0.52,0.0009999275207519531,9506,4,2025-10-24 01:49:41
i232568.docx,Backend Developer,KMP,Python,Django; REST; SQL,0.26,0.0008716583251953125,5224,4,2025-10-24 01:49:41
i232568_Assg_02(1).docx,Backend Developer,KMP,Python,Django; REST; SQL,0.26,0.0,5224,4,2025-10-24 01:49:41
i232568_Assg_02.docx,Backend Developer,KMP,Python,Django; REST; SQL,0.26,0.0,5224,4,2025-10-24 01:49:42
i232568_Assg_02.pdf,Backend Developer,KMP,Python,Django; REST; SQL,0.26,0.0,5236,4,2025-10-24 01:49:42
i232571.docx,Backend Developer,KMP,Python; SQL,Django; REST,0.52,0.000820159912109375,5795,4,2025-10-24 01:49:42
i232571.pdf,Backend Developer,KMP,Python; SQL,Django; REST,0.52,0.0,5799,4,2025-10-24 01:49:42
i232598 (1).docx,Backend Developer,KMP,Python; SQL,Django; REST,0.52,0.0008957386016845703,6889,4,2025-10-24 01:49:42
i232598.pdf,Backend Developer,KMP,Python; SQL,Django; REST,0.52,0.0010008811950683594,6901,4,2025-10-24 01:49:42
i232607.docx,Backend Developer,KMP,Python; SQL,Django; REST,0.52,0.0009996891021728516,4524,4,2025-10-24 01:49:42
i232607.pdf,Backend Developer,KMP,Python; SQL,Django; REST,0.52,0.0,4528,4,2025-10-24 01:49:42
i232627.docx,Backend Developer,KMP,Python; REST; SQL,Django,0.78,0.0010020732879638672,7133,4,2025-10-24 01:49:42
i232627.pdf,Backend Developer,KMP,Python; REST; SQL,Django,0.78,0.0010051727294921875,7133,4,2025-10-24 01:49:42
i235032.docx,Backend Developer,KMP,Python; REST; SQL,Django,0.78,0.0010006427764892578,8097,4,2025-10-24 01:49:42
i235032.pdf,Backend Developer,KMP,Python; REST; SQL,Django,0.78,0.0010018348693847656,8121,4,2025-10-24 01:49:42
